2529 5070 1754 7099
99	0.3848597109	11334
98	0.3882855475	11234
98	0.3796344697	11490
98	0.3767164648	11579
98	0.3742599785	11655
96	0.3883892894	11231
95	0.3792713583	11501
94	0.3833040297	11380
94	0.3703200519	11779
93	0.3791395128	11505
93	0.3781534433	11535
93	0.3767490089	11578
92	0.3895686269	11197
92	0.3760020733	11601
91	0.3805618584	11462
91	0.3791724741	11504
91	0.3732032776	11688
90	0.3761966228	11595
89	0.3832366765	11382
89	0.3818277419	11424
89	0.3797336221	11487
89	0.3790736198	11507
88	0.3823632598	11408
88	0.3747422695	11640
88	0.3736508489	11674
88	0.3678529263	11858
87	0.3785472512	11523
87	0.3677288890	11862
85	0.3787773550	11516
85	0.3787444532	11517
85	0.3740032613	11663
84	0.3789418936	11511
83	0.3794363141	11496
83	0.3738109469	11669
81	0.3740673959	11661
80	0.3824302852	11406
80	0.3788431585	11514
80	0.3778258860	11545
80	0.3707922399	11764
79	0.3794693351	11495
79	0.3774009347	11558
78	0.3848936856	11333
77	0.3709183633	11760
76	0.3759372532	11603
76	0.3740994930	11660
76	0.3718987107	11729
76	0.3697863817	11796
76	0.3663391173	11907
75	0.3774989247	11555
75	0.3757753372	11608
75	0.3752580881	11624
75	0.3746135235	11644
75	0.3741957545	11657
75	0.3715186119	11741
75	0.3706032336	11770
75	0.3674810529	11870
74	0.3778586388	11544
74	0.3750967383	11629
74	0.3735548556	11677
74	0.3722478151	11718
74	0.3714869618	11742
73	0.3824302852	11406
73	0.3813603818	11438
73	0.3760344684	11600
73	0.3754841983	11617
73	0.3735228777	11678
73	0.3732352257	11687
73	0.3704773188	11774
72	0.3804622889	11465
72	0.3782518208	11532
72	0.3770420849	11569
72	0.3770420849	11569
72	0.3752903640	11623
72	0.3739070892	11666
72	0.3734269440	11681
72	0.3727886379	11701
72	0.3717085719	11735
72	0.3706347048	11769
72	0.3693792820	11809
72	0.3687235713	11830
71	0.3832366765	11382
71	0.3782190382	11533
71	0.3774335980	11557
71	0.3773030043	11561
71	0.3768466413	11575
71	0.3753549755	11621
71	0.3750967383	11629
71	0.3747100830	11641
71	0.3746778965	11642
71	0.3745170534	11647
71	0.3726612628	11705
71	0.3723431528	11715
71	0.3699117899	11792
71	0.3680391610	11852
71	0.3671099246	11882
70	0.3813603818	11438
70	0.3774989247	11555
70	0.3773356378	11560
70	0.3771072924	11567
70	0.3754195571	11619
70	0.3753226697	11622
70	0.3736828566	11673
70	0.3687859178	11828
70	0.3674191236	11872
69	0.3784815669	11525
69	0.3781534433	11535
69	0.3772703707	11562
69	0.3765863776	11583
69	0.3754518926	11618
69	0.3746778965	11642
69	0.3725021482	11710
69	0.3724703193	11711
69	0.3723113835	11716
69	0.3709183633	11760
69	0.3705087900	11773
69	0.3695357442	11804
69	0.3678529263	11858
69	0.3665854335	11899
68	0.3827658892	11396
68	0.3790736198	11507
68	0.3784815669	11525
68	0.3772703707	11562
68	0.3768140972	11576
68	0.3749355376	11634
68	0.3748066723	11638
68	0.3736508489	11674
68	0.3724067211	11713
68	0.3710761368	11755
68	0.3701943457	11783
68	0.3691292107	11817
68	0.3683499396	11842
68	0.3679149747	11856
68	0.3664622307	11903
68	0.3649903834	11951
68	0.3628348112	12022
67	0.3808941543	11452
67	0.3799982667	11479
67	0.3769769371	11571
67	0.3761966228	11595
67	0.3752903640	11623
67	0.3752903640	11623
67	0.3741636574	11658
67	0.3740032613	11663
67	0.3734908700	11679
67	0.3711708784	11752
67	0.3707292080	11766
67	0.3692854643	11812
67	0.3687859178	11828
67	0.3683810532	11841
67	0.3671407998	11881
67	0.3651431501	11946
67	0.3648987710	11954
67	0.3644110262	11970
66	0.3798328042	11484
66	0.3787444532	11517
66	0.3776950240	11549
66	0.3772703707	11562
66	0.3762939870	11592
66	0.3753872514	11620
66	0.3751935363	11626
66	0.3748388886	11637
66	0.3745492101	11646
66	0.3744527400	11649
66	0.3742920756	11654
66	0.3740032613	11663
66	0.3725339472	11709
66	0.3716768920	11736
66	0.3711708784	11752
66	0.3708237708	11763
66	0.3694418669	11807
66	0.3692229688	11814
66	0.3691292107	11817
66	0.3681012690	11850
66	0.3658475280	11923
66	0.3655103147	11934
65	0.3767490089	11578
65	0.3754195571	11619
65	0.3745170534	11647
65	0.3744848967	11648
65	0.3743884563	11651
65	0.3738429844	11668
65	0.3725339472	11709
65	0.3719621301	11727
65	0.3718987107	11729
65	0.3713920712	11745
65	0.3712972403	11748
65	0.3700373173	11788
65	0.3696610034	11800
65	0.3695983589	11802
65	0.3689731061	11822
65	0.3686612546	11832
65	0.3685677946	11835
65	0.3685677946	11835
65	0.3685366809	11836
65	0.3677909076	11860
65	0.3664006591	11905
65	0.3663083613	11908
65	0.3652348518	11943
65	0.3652042747	11944
65	0.3651431501	11946
65	0.3642892838	11974
65	0.3605256677	12099
64	0.3787773550	11516
64	0.3785472512	11523
64	0.3762615323	11593
64	0.3758077025	11607
64	0.3756135404	11613
64	0.3750000000	11632
64	0.3749033213	11635
64	0.3748388886	11637
64	0.3745492101	11646
64	0.3740353286	11662
64	0.3737148643	11672
64	0.3725976050	11707
64	0.3717719316	11733
64	0.3717719316	11733
64	0.3715502620	11740
64	0.3712656498	11749
64	0.3706977069	11767
64	0.3702257574	11782
64	0.3701943457	11783
64	0.3696296811	11801
64	0.3687235713	11830
64	0.3686612546	11832
64	0.3677598834	11861
64	0.3669554889	11887
64	0.3663083613	11908
64	0.3652960360	11941
64	0.3652654588	11942
64	0.3644414842	11969
64	0.3638638556	11988
64	0.3627141118	12026
64	0.3622923493	12040
63	0.3772703707	11562
63	0.3769769371	11571
63	0.3758077025	11607
63	0.3753872514	11620
63	0.3740673959	11661
63	0.3740032613	11663
63	0.3737469018	11671
63	0.3733630180	11683
63	0.3732032776	11688
63	0.3731075227	11691
63	0.3728842437	11698
63	0.3726294339	11706
63	0.3722795844	11717
63	0.3722795844	11717
63	0.3718353212	11731
63	0.3714869618	11742
63	0.3713920712	11745
63	0.3712972403	11748
63	0.3709814548	11758
63	0.3706977069	11767
63	0.3706662059	11768
63	0.3701315224	11785
63	0.3699745536	11790
63	0.3698177338	11795
63	0.3695357442	11804
63	0.3694105744	11808
63	0.3693792820	11809
63	0.3690043092	11821
63	0.3687547445	11829
63	0.3686612546	11832
63	0.3683499396	11842
63	0.3676669002	11864
63	0.3671407998	11881
63	0.3670790195	11883
63	0.3670481443	11884
63	0.3670172393	11885
63	0.3668320477	11891
63	0.3657861650	11925
63	0.3655409515	11933
63	0.3652348518	11943
63	0.3648987710	11954
63	0.3647157252	11960
63	0.3645023704	11967
63	0.3643805981	11971
63	0.3643501401	11972
63	0.3640156984	11983
63	0.3630159795	12016
63	0.3622321784	12042
63	0.3619316220	12052
62	0.3825980127	11401
62	0.3791065514	11506
62	0.3777277470	11548
62	0.3770746887	11568
62	0.3769443631	11572
62	0.3764888644	11586
62	0.3762939870	11592
62	0.3761317730	11597
62	0.3756135404	11613
62	0.3751935363	11626
62	0.3749677539	11633
62	0.3741636574	11658
62	0.3737469018	11671
62	0.3732671440	11686
62	0.3727567792	11702
62	0.3725976050	11707
62	0.3722478151	11718
62	0.3721207976	11722
62	0.3719938695	11726
62	0.3715502620	11740
62	0.3713604510	11746
62	0.3712340295	11750
62	0.3710130155	11757
62	0.3709183633	11760
62	0.3709183633	11760
62	0.3708868325	11761
62	0.3708237708	11763
62	0.3708237708	11763
62	0.3706032336	11770
62	0.3703829646	11777
62	0.3701315224	11785
62	0.3700373173	11788
62	0.3698177338	11795
62	0.3696923554	11799
62	0.3695357442	11804
62	0.3695044518	11805
62	0.3694731593	11806
62	0.3694105744	11808
62	0.3691292107	11817
62	0.3689731061	11822
62	0.3687547445	11829
62	0.3677909076	11860
62	0.3670790195	11883
62	0.3665546179	11900
62	0.3662468493	11910
62	0.3656022251	11931
62	0.3655715585	11932
62	0.3653266430	11940
62	0.3652348518	11943
62	0.3650209308	11950
62	0.3631368577	12012
62	0.3629857600	12017
62	0.3626538217	12028
62	0.3612422347	12075
62	0.3599306941	12119
62	0.3596339226	12129
61	0.3776950240	11549
61	0.3775969446	11552
61	0.3773356378	11560
61	0.3768140972	11576
61	0.3767164648	11579
61	0.3753549755	11621
61	0.3748066723	11638
61	0.3748066723	11638
61	0.3745813668	11645
61	0.3731713593	11689
61	0.3731075227	11691
61	0.3730756044	11692
61	0.3725976050	11707
61	0.3721525371	11721
61	0.3712340295	11750
61	0.3709814548	11758
61	0.3706347048	11769
61	0.3701629341	11784
61	0.3700373173	11788
61	0.3698804379	11793
61	0.3698490858	11794
61	0.3694105744	11808
61	0.3691917062	11815
61	0.3688794971	11825
61	0.3688171208	11827
61	0.3684743941	11838
61	0.3680391610	11852
61	0.3679460287	11855
61	0.3679149747	11856
61	0.3677288890	11862
61	0.3675739467	11867
61	0.3672644496	11877
61	0.3667395413	11894
61	0.3664622307	11903
61	0.3662160933	11911
61	0.3657248318	11927
61	0.3656634986	11929
61	0.3655103147	11934
61	0.3654490709	11936
61	0.3653878272	11938
61	0.3652654588	11942
61	0.3650514781	11949
61	0.3648682535	11955
61	0.3638031781	11990
61	0.3634394407	12002
61	0.3607045412	12093
61	0.3575116694	12201
60	0.3787115812	11518
60	0.3770420849	11569
60	0.3768140972	11576
60	0.3766839504	11580
60	0.3756782413	11611
60	0.3742920756	11654
60	0.3741315603	11659
60	0.3740353286	11662
60	0.3739391267	11665
60	0.3737469018	11671
60	0.3736828566	11673
60	0.3733310401	11684
60	0.3732352257	11687
60	0.3729480207	11696
60	0.3728842437	11698
60	0.3725657761	11708
60	0.3719938695	11726
60	0.3715186119	11741
60	0.3714869618	11742
60	0.3706662059	11768
60	0.3704773188	11774
60	0.3703200519	11779
60	0.3702257574	11782
60	0.3701629341	11784
60	0.3692542017	11813
60	0.3690667450	11819
60	0.3690667450	11819
60	0.3690355420	11820
60	0.3690355420	11820
60	0.3687235713	11830
60	0.3686612546	11832
60	0.3686301112	11833
60	0.3685677946	11835
60	0.3675429821	11868
60	0.3675120175	11869
60	0.3671099246	11882
60	0.3667086959	11895
60	0.3665854335	11899
60	0.3661853671	11912
60	0.3659703135	11919
60	0.3659395874	11920
60	0.3655715585	11932
60	0.3653572202	11939
60	0.3651125729	11947
60	0.3643197119	11973
60	0.3642284572	11976
60	0.3641676307	11978
60	0.3639245927	11986
60	0.3635605872	11998
60	0.3622021079	12043
60	0.3617815375	12057
60	0.3613319993	12072
60	0.3612422347	12075
60	0.3607045412	12093
59	0.3781206608	11536
59	0.3767164648	11579
59	0.3751612604	11627
59	0.3750967383	11629
59	0.3750644922	11630
59	0.3750000000	11632
59	0.3748388886	11637
59	0.3746778965	11642
59	0.3733310401	11684
59	0.3732671440	11686
59	0.3731075227	11691
59	0.3725021482	11710
59	0.3724703193	11711
59	0.3720573187	11724
59	0.3719304204	11728
59	0.3716768920	11736
59	0.3709814548	11758
59	0.3708553016	11762
59	0.3707607388	11765
59	0.3707292080	11766
59	0.3704144061	11776
59	0.3702571988	11781
59	0.3694731593	11806
59	0.3693792820	11809
59	0.3690355420	11820
59	0.3688794971	11825
59	0.3681944907	11847
59	0.3680391610	11852
59	0.3680391610	11852
59	0.3680081069	11853
59	0.3679460287	11855
59	0.3676978946	11863
59	0.3672953844	11876
59	0.3670790195	11883
59	0.3668320477	11891
59	0.3667395413	11894
59	0.3663083613	11908
59	0.3662468493	11910
59	0.3658781946	11922
59	0.3658168316	11924
59	0.3656328619	11930
59	0.3654796779	11935
59	0.3654184341	11937
59	0.3651737273	11945
59	0.3648377359	11956
59	0.3645633161	11965
59	0.3641980588	11977
59	0.3638031781	11990
59	0.3637728393	11991
59	0.3622021079	12043
59	0.3620818555	12047
59	0.3597229123	12126
59	0.3595449924	12132
59	0.3595449924	12132
58	0.3766188920	11582
58	0.3763264716	11591
58	0.3752903640	11623
58	0.3743242025	11653
58	0.3739070892	11666
58	0.3735868335	11676
58	0.3730117977	11694
58	0.3729799092	11695
58	0.3718987107	11729
58	0.3717719316	11733
58	0.3712024391	11751
58	0.3711708784	11752
58	0.3711392879	11753
58	0.3710761368	11755
58	0.3710130155	11757
58	0.3706347048	11769
58	0.3704144061	11776
58	0.3696923554	11799
58	0.3695357442	11804
58	0.3691292107	11817
58	0.3680081069	11853
58	0.3679149747	11856
58	0.3677909076	11860
58	0.3677598834	11861
58	0.3676978946	11863
58	0.3676669002	11864
58	0.3676669002	11864
58	0.3676359057	11865
58	0.3674500883	11871
58	0.3670790195	11883
58	0.3670172393	11885
58	0.3669554889	11887
58	0.3666470647	11897
58	0.3666162491	11898
58	0.3663391173	11907
58	0.3659395874	11920
58	0.3658168316	11924
58	0.3656328619	11930
58	0.3653878272	11938
58	0.3653878272	11938
58	0.3652654588	11942
58	0.3652348518	11943
58	0.3647157252	11960
58	0.3646852374	11961
58	0.3643805981	11971
58	0.3643197119	11973
58	0.3642588854	11975
58	0.3638335168	11989
58	0.3637121618	11993
58	0.3636212051	11996
58	0.3633183539	12006
58	0.3622321784	12042
58	0.3622021079	12043
58	0.3611226082	12079
58	0.3604065180	12103
58	0.3591601551	12145
58	0.3579223752	12187
58	0.3578636348	12189
58	0.3576289117	12197
57	0.3783502579	11529
57	0.3749033213	11635
57	0.3747100830	11641
57	0.3746457100	11643
57	0.3738429844	11668
57	0.3736508489	11674
57	0.3727886379	11701
57	0.3724067211	11713
57	0.3717402518	11734
57	0.3717402518	11734
57	0.3711708784	11752
57	0.3710130155	11757
57	0.3707607388	11765
57	0.3707292080	11766
57	0.3702571988	11781
57	0.3702571988	11781
57	0.3701315224	11785
57	0.3699745536	11790
57	0.3695670664	11803
57	0.3694731593	11806
57	0.3693792820	11809
57	0.3691604733	11816
57	0.3690043092	11821
57	0.3690043092	11821
57	0.3689731061	11822
57	0.3685989380	11834
57	0.3685677946	11835
57	0.3683810532	11841
57	0.3679149747	11856
57	0.3676669002	11864
57	0.3676049113	11866
57	0.3675120175	11869
57	0.3672644496	11877
57	0.3672026396	11879
57	0.3671717048	11880
57	0.3670790195	11883
57	0.3669863641	11886
57	0.3669863641	11886
57	0.3669554889	11887
57	0.3667703569	11893
57	0.3667086959	11895
57	0.3666778803	11896
57	0.3665238321	11901
57	0.3663083613	11908
57	0.3661546111	11913
57	0.3659395874	11920
57	0.3658475280	11923
57	0.3654796779	11935
57	0.3650209308	11950
57	0.3643197119	11973
57	0.3638031781	11990
57	0.3638031781	11990
57	0.3632578254	12008
57	0.3626538217	12028
57	0.3622923493	12040
57	0.3620818555	12047
57	0.3613319993	12072
57	0.3599306941	12119
57	0.3583340049	12173
57	0.3581574857	12179
57	0.3557911813	12260
56	0.3732990921	11685
56	0.3723113835	11716
56	0.3720890582	11723
56	0.3718353212	11731
56	0.3716452122	11737
56	0.3710445762	11756
56	0.3708868325	11761
56	0.3708868325	11761
56	0.3707607388	11765
56	0.3705402613	11772
56	0.3703200519	11779
56	0.3701629341	11784
56	0.3701315224	11785
56	0.3701001108	11786
56	0.3701001108	11786
56	0.3700373173	11788
56	0.3699745536	11790
56	0.3699431717	11791
56	0.3699117899	11792
56	0.3698490858	11794
56	0.3693792820	11809
56	0.3691917062	11815
56	0.3690043092	11821
56	0.3689731061	11822
56	0.3688482940	11826
56	0.3687547445	11829
56	0.3686612546	11832
56	0.3685366809	11836
56	0.3684121668	11840
56	0.3683810532	11841
56	0.3681012690	11850
56	0.3678529263	11858
56	0.3677909076	11860
56	0.3676049113	11866
56	0.3674810529	11870
56	0.3674500883	11871
56	0.3673881888	11873
56	0.3672644496	11877
56	0.3671407998	11881
56	0.3669863641	11886
56	0.3669246435	11888
56	0.3668320477	11891
56	0.3665854335	11899
56	0.3665238321	11901
56	0.3664622307	11903
56	0.3664314449	11904
56	0.3663083613	11908
56	0.3659088910	11921
56	0.3657861650	11925
56	0.3656634986	11929
56	0.3649598360	11952
56	0.3648682535	11955
56	0.3648377359	11956
56	0.3647462130	11959
56	0.3646852374	11961
56	0.3646852374	11961
56	0.3646547496	11962
56	0.3645937741	11964
56	0.3638031781	11990
56	0.3637121618	11993
56	0.3631973267	12010
56	0.3630461991	12015
56	0.3628650010	12021
56	0.3625031114	12033
56	0.3623525500	12038
56	0.3622622788	12041
56	0.3622321784	12042
56	0.3621419668	12045
56	0.3616915345	12060
56	0.3616315722	12062
56	0.3610030711	12083
56	0.3581280708	12180
55	0.3756458759	11612
55	0.3750644922	11630
55	0.3729161322	11697
55	0.3723113835	11716
55	0.3720890582	11723
55	0.3714553416	11743
55	0.3705087900	11773
55	0.3703829646	11777
55	0.3702257574	11782
55	0.3692542017	11813
55	0.3692229688	11814
55	0.3692229688	11814
55	0.3689107001	11824
55	0.3689107001	11824
55	0.3684432805	11839
55	0.3683188260	11843
55	0.3681634068	11848
55	0.3681323230	11849
55	0.3679460287	11855
55	0.3677288890	11862
55	0.3673881888	11873
55	0.3671717048	11880
55	0.3671717048	11880
55	0.3669863641	11886
55	0.3669863641	11886
55	0.3668937683	11889
55	0.3667703569	11893
55	0.3665854335	11899
55	0.3664006591	11905
55	0.3662776053	11909
55	0.3662160933	11911
55	0.3657248318	11927
55	0.3656941652	11928
55	0.3656941652	11928
55	0.3656634986	11929
55	0.3653266430	11940
55	0.3648377359	11956
55	0.3643501401	11972
55	0.3640156984	11983
55	0.3639853001	11984
55	0.3639549315	11985
55	0.3633788824	12004
55	0.3629857600	12017
55	0.3629253805	12019
55	0.3627744615	12024
55	0.3625935018	12030
55	0.3621118963	12046
55	0.3617515266	12058
55	0.3613319993	12072
55	0.3606747091	12094
55	0.3591305912	12146
55	0.3588941991	12154
55	0.3585402071	12166
55	0.3582457304	12176
55	0.3579223752	12187
55	0.3577462435	12193
55	0.3575409949	12200
55	0.3565181792	12235
54	0.3740353286	11662
54	0.3731394410	11690
54	0.3724703193	11711
54	0.3721525371	11721
54	0.3716452122	11737
54	0.3712656498	11749
54	0.3710130155	11757
54	0.3707607388	11765
54	0.3702257574	11782
54	0.3701943457	11783
54	0.3701315224	11785
54	0.3697863817	11796
54	0.3694731593	11806
54	0.3692542017	11813
54	0.3688171208	11827
54	0.3687859178	11828
54	0.3686924279	11831
54	0.3686612546	11832
54	0.3682877421	11844
54	0.3682877421	11844
54	0.3682566583	11845
54	0.3681944907	11847
54	0.3680391610	11852
54	0.3679149747	11856
54	0.3673881888	11873
54	0.3672026396	11879
54	0.3672026396	11879
54	0.3670481443	11884
54	0.3669863641	11886
54	0.3667703569	11893
54	0.3664314449	11904
54	0.3663391173	11907
54	0.3660931587	11915
54	0.3660624325	11916
54	0.3659703135	11919
54	0.3658475280	11923
54	0.3656022251	11931
54	0.3650820255	11948
54	0.3649598360	11952
54	0.3645937741	11964
54	0.3645328283	11966
54	0.3641676307	11978
54	0.3636818528	11994
54	0.3636515141	11995
54	0.3632275760	12009
54	0.3629555702	12018
54	0.3628046215	12023
54	0.3622923493	12040
54	0.3606449068	12095
54	0.3601387143	12112
54	0.3597229123	12126
54	0.3596339226	12129
54	0.3595153689	12133
54	0.3590714633	12148
54	0.3588941991	12154
54	0.3585107327	12167
54	0.3580692708	12182
53	0.3740994930	11660
53	0.3735868335	11676
53	0.3727886379	11701
53	0.3725976050	11707
53	0.3725021482	11710
53	0.3718036115	11732
53	0.3712656498	11749
53	0.3707922399	11764
53	0.3707292080	11766
53	0.3707292080	11766
53	0.3706662059	11768
53	0.3705402613	11772
53	0.3702571988	11781
53	0.3700687289	11787
53	0.3697550297	11797
53	0.3696610034	11800
53	0.3695670664	11803
53	0.3692229688	11814
53	0.3690979779	11818
53	0.3688171208	11827
53	0.3686924279	11831
53	0.3685366809	11836
53	0.3685366809	11836
53	0.3684743941	11838
53	0.3681944907	11847
53	0.3679460287	11855
53	0.3672335446	11878
53	0.3670481443	11884
53	0.3670172393	11885
53	0.3670172393	11885
53	0.3666470647	11897
53	0.3664314449	11904
53	0.3664314449	11904
53	0.3663083613	11908
53	0.3660931587	11915
53	0.3660931587	11915
53	0.3657248318	11927
53	0.3657248318	11927
53	0.3653572202	11939
53	0.3652348518	11943
53	0.3651125729	11947
53	0.3649903834	11951
53	0.3649293184	11953
53	0.3648377359	11956
53	0.3648072183	11957
53	0.3646547496	11962
53	0.3645633161	11965
53	0.3644719124	11968
53	0.3644110262	11970
53	0.3639549315	11985
53	0.3639245927	11986
53	0.3637121618	11993
53	0.3633788824	12004
53	0.3632880747	12007
53	0.3631973267	12010
53	0.3629555702	12018
53	0.3629555702	12018
53	0.3628650010	12021
53	0.3627442718	12025
53	0.3625031114	12033
53	0.3620818555	12047
53	0.3616015911	12063
53	0.3613319993	12072
53	0.3613020778	12073
53	0.3608835936	12087
53	0.3603469729	12105
53	0.3602874279	12107
53	0.3602576852	12108
53	0.3597229123	12126
53	0.3596932590	12127
53	0.3595153689	12133
53	0.3594264984	12136
53	0.3593376577	12139
53	0.3591601551	12145
53	0.3585991561	12164
53	0.3585696816	12165
53	0.3585107327	12167
53	0.3583928943	12171
53	0.3580105007	12184
53	0.3579517603	12186
53	0.3574237823	12204
53	0.3571311533	12214
53	0.3555302024	12269
52	0.3733630180	11683
52	0.3731075227	11691
52	0.3715819120	11739
52	0.3715819120	11739
52	0.3711392879	11753
52	0.3706662059	11768
52	0.3702257574	11782
52	0.3694418669	11807
52	0.3692854643	11812
52	0.3690979779	11818
52	0.3688794971	11825
52	0.3686612546	11832
52	0.3684743941	11838
52	0.3684432805	11839
52	0.3683810532	11841
52	0.3683499396	11842
52	0.3682255745	11846
52	0.3681944907	11847
52	0.3681012690	11850
52	0.3679770529	11854
52	0.3678529263	11858
52	0.3678219020	11859
52	0.3675739467	11867
52	0.3674810529	11870
52	0.3668937683	11889
52	0.3666470647	11897
52	0.3665238321	11901
52	0.3662468493	11910
52	0.3660624325	11916
52	0.3657554984	11926
52	0.3652960360	11941
52	0.3652348518	11943
52	0.3648377359	11956
52	0.3639245927	11986
52	0.3634091616	12003
52	0.3631066382	12013
52	0.3630461991	12015
52	0.3626839519	12027
52	0.3626538217	12028
52	0.3625031114	12033
52	0.3619917035	12050
52	0.3618415594	12055
52	0.3614817262	12067
52	0.3614517748	12068
52	0.3610030711	12083
52	0.3608238995	12089
52	0.3607642055	12091
52	0.3607642055	12091
52	0.3605554700	12098
52	0.3601981699	12110
52	0.3592488766	12142
52	0.3592488766	12142
52	0.3589532673	12152
52	0.3587171137	12160
52	0.3585696816	12165
52	0.3575702906	12199
52	0.3562270403	12245
51	0.3708868325	11761
51	0.3701001108	11786
51	0.3695670664	11803
51	0.3693167269	11811
51	0.3692229688	11814
51	0.3690043092	11821
51	0.3689731061	11822
51	0.3687859178	11828
51	0.3685989380	11834
51	0.3684743941	11838
51	0.3682566583	11845
51	0.3680702150	11851
51	0.3679460287	11855
51	0.3679149747	11856
51	0.3677598834	11861
51	0.3676978946	11863
51	0.3676049113	11866
51	0.3671717048	11880
51	0.3668320477	11891
51	0.3668012023	11892
51	0.3667703569	11893
51	0.3667086959	11895
51	0.3666470647	11897
51	0.3663699031	11906
51	0.3662160933	11911
51	0.3658781946	11922
51	0.3657554984	11926
51	0.3652654588	11942
51	0.3651125729	11947
51	0.3647462130	11959
51	0.3644414842	11969
51	0.3641068339	11980
51	0.3640764654	11981
51	0.3640460670	11982
51	0.3636212051	11996
51	0.3635908961	11997
51	0.3634697199	12001
51	0.3634394407	12002
51	0.3634091616	12003
51	0.3632578254	12008
51	0.3630764186	12014
51	0.3630461991	12015
51	0.3629555702	12018
51	0.3628951609	12020
51	0.3628348112	12022
51	0.3628046215	12023
51	0.3627442718	12025
51	0.3627141118	12026
51	0.3625332415	12032
51	0.3624428809	12035
51	0.3615716100	12064
51	0.3606449068	12095
51	0.3603172004	12106
51	0.3600792587	12114
51	0.3598119318	12123
51	0.3595153689	12133
51	0.3591897190	12144
51	0.3588056266	12157
51	0.3587171137	12160
51	0.3582163155	12177
51	0.3573652208	12206
51	0.3572188914	12211
51	0.3566931188	12229
51	0.3560816348	12250
51	0.3558782637	12257
50	0.3716452122	11737
50	0.3712340295	11750
50	0.3703200519	11779
50	0.3696610034	11800
50	0.3692542017	11813
50	0.3691917062	11815
50	0.3691604733	11816
50	0.3688794971	11825
50	0.3683810532	11841
50	0.3680081069	11853
50	0.3680081069	11853
50	0.3678219020	11859
50	0.3674191236	11872
50	0.3673263192	11875
50	0.3672026396	11879
50	0.3671099246	11882
50	0.3670790195	11883
50	0.3670481443	11884
50	0.3668629229	11890
50	0.3668012023	11892
50	0.3668012023	11892
50	0.3665546179	11900
50	0.3664930165	11902
50	0.3662468493	11910
50	0.3660931587	11915
50	0.3660931587	11915
50	0.3660317063	11917
50	0.3659088910	11921
50	0.3658168316	11924
50	0.3656941652	11928
50	0.3656634986	11929
50	0.3647462130	11959
50	0.3645328283	11966
50	0.3642284572	11976
50	0.3641980588	11977
50	0.3635908961	11997
50	0.3634999990	12000
50	0.3632880747	12007
50	0.3632578254	12008
50	0.3631671071	12011
50	0.3627141118	12026
50	0.3625633717	12031
50	0.3624729812	12034
50	0.3623826504	12037
50	0.3620818555	12047
50	0.3620517850	12048
50	0.3617815375	12057
50	0.3617215455	12059
50	0.3616015911	12063
50	0.3612422347	12075
50	0.3606449068	12095
50	0.3593080640	12140
50	0.3591010273	12147
50	0.3590123355	12150
50	0.3589532673	12152
50	0.3585696816	12165
50	0.3584518135	12169
50	0.3582751453	12175
50	0.3578930199	12188
50	0.3578636348	12189
50	0.3573652208	12206
50	0.3504740596	12446
49	0.3695044518	11805
49	0.3691604733	11816
49	0.3682255745	11846
49	0.3681944907	11847
49	0.3677598834	11861
49	0.3676359057	11865
49	0.3672644496	11877
49	0.3668937683	11889
49	0.3667086959	11895
49	0.3665854335	11899
49	0.3665238321	11901
49	0.3659088910	11921
49	0.3659088910	11921
49	0.3658781946	11922
49	0.3658475280	11923
49	0.3657554984	11926
49	0.3657248318	11927
49	0.3656634986	11929
49	0.3654796779	11935
49	0.3654490709	11936
49	0.3654490709	11936
49	0.3653572202	11939
49	0.3652348518	11943
49	0.3650820255	11948
49	0.3649293184	11953
49	0.3648987710	11954
49	0.3647462130	11959
49	0.3642588854	11975
49	0.3639549315	11985
49	0.3635303080	11999
49	0.3631973267	12010
49	0.3631368577	12012
49	0.3630764186	12014
49	0.3630764186	12014
49	0.3629555702	12018
49	0.3628951609	12020
49	0.3618115485	12056
49	0.3613319993	12072
49	0.3613020778	12073
49	0.3608238995	12089
49	0.3607343733	12092
49	0.3604958653	12100
49	0.3604362905	12102
49	0.3602576852	12108
49	0.3599900901	12117
49	0.3599009812	12120
49	0.3596635759	12128
49	0.3596042991	12130
49	0.3593968749	12137
49	0.3593672812	12138
49	0.3590714633	12148
49	0.3585402071	12166
49	0.3581869006	12178
49	0.3581280708	12180
49	0.3574237823	12204
49	0.3569850326	12219
49	0.3553274572	12276
49	0.3550382555	12286
49	0.3519444764	12394
48	0.3731394410	11690
48	0.3689731061	11822
48	0.3678529263	11858
48	0.3677598834	11861
48	0.3676359057	11865
48	0.3671407998	11881
48	0.3668937683	11889
48	0.3664930165	11902
48	0.3664314449	11904
48	0.3663391173	11907
48	0.3662468493	11910
48	0.3660624325	11916
48	0.3660010099	11918
48	0.3659703135	11919
48	0.3659703135	11919
48	0.3657554984	11926
48	0.3651737273	11945
48	0.3651125729	11947
48	0.3650820255	11948
48	0.3650820255	11948
48	0.3647767305	11958
48	0.3645023704	11967
48	0.3645023704	11967
48	0.3644110262	11970
48	0.3642588854	11975
48	0.3642284572	11976
48	0.3641372323	11979
48	0.3640764654	11981
48	0.3640460670	11982
48	0.3639245927	11986
48	0.3638031781	11990
48	0.3637425005	11992
48	0.3637121618	11993
48	0.3637121618	11993
48	0.3635908961	11997
48	0.3634999990	12000
48	0.3632880747	12007
48	0.3632880747	12007
48	0.3631671071	12011
48	0.3626538217	12028
48	0.3626236618	12029
48	0.3626236618	12029
48	0.3625031114	12033
48	0.3624428809	12035
48	0.3622923493	12040
48	0.3619616628	12051
48	0.3617515266	12058
48	0.3615716100	12064
48	0.3613319993	12072
48	0.3612123132	12076
48	0.3611524999	12078
48	0.3610927165	12080
48	0.3608835936	12087
48	0.3607642055	12091
48	0.3605256677	12099
48	0.3604065180	12103
48	0.3604065180	12103
48	0.3599306941	12119
48	0.3596932590	12127
48	0.3594857454	12134
48	0.3593968749	12137
48	0.3587761223	12158
48	0.3586581051	12162
48	0.3584223390	12170
48	0.3579811156	12185
48	0.3578636348	12189
48	0.3578636348	12189
48	0.3578049242	12191
48	0.3575116694	12201
48	0.3573359549	12207
48	0.3567222655	12228
48	0.3564307988	12238
48	0.3560816348	12250
48	0.3555012345	12270
48	0.3554143310	12273
48	0.3553564250	12275
48	0.3544900417	12305
48	0.3538573980	12327
48	0.3537139297	12332
47	0.3698490858	11794
47	0.3698177338	11795
47	0.3690043092	11821
47	0.3678219020	11859
47	0.3675429821	11868
47	0.3672026396	11879
47	0.3671407998	11881
47	0.3670481443	11884
47	0.3668012023	11892
47	0.3666470647	11897
47	0.3663391173	11907
47	0.3661853671	11912
47	0.3661546111	11913
47	0.3661238849	11914
47	0.3659088910	11921
47	0.3654796779	11935
47	0.3654490709	11936
47	0.3653878272	11938
47	0.3653878272	11938
47	0.3650514781	11949
47	0.3649293184	11953
47	0.3644719124	11968
47	0.3643805981	11971
47	0.3641676307	11978
47	0.3641676307	11978
47	0.3641372323	11979
47	0.3641068339	11980
47	0.3641068339	11980
47	0.3639853001	11984
47	0.3639853001	11984
47	0.3637728393	11991
47	0.3637121618	11993
47	0.3633183539	12006
47	0.3632275760	12009
47	0.3631066382	12013
47	0.3630764186	12014
47	0.3630159795	12016
47	0.3628650010	12021
47	0.3628348112	12022
47	0.3627141118	12026
47	0.3625031114	12033
47	0.3624729812	12034
47	0.3623525500	12038
47	0.3622021079	12043
47	0.3619316220	12052
47	0.3618715703	12054
47	0.3616915345	12060
47	0.3613619506	12071
47	0.3608835936	12087
47	0.3607343733	12092
47	0.3606747091	12094
47	0.3606150746	12096
47	0.3604660630	12101
47	0.3602279425	12109
47	0.3601981699	12110
47	0.3599900901	12117
47	0.3598712981	12121
47	0.3594857454	12134
47	0.3593672812	12138
47	0.3592193127	12143
47	0.3589828014	12151
47	0.3588941991	12154
47	0.3588056266	12157
47	0.3587761223	12158
47	0.3585991561	12164
47	0.3583340049	12173
47	0.3583340049	12173
47	0.3578049242	12191
47	0.3576875627	12195
47	0.3575409949	12200
47	0.3572774231	12209
47	0.3560525775	12251
47	0.3558492362	12258
47	0.3556751609	12264
47	0.3552117348	12280
47	0.3520581126	12390
46	0.3695044518	11805
46	0.3689731061	11822
46	0.3677288890	11862
46	0.3671407998	11881
46	0.3669246435	11888
46	0.3667703569	11893
46	0.3666470647	11897
46	0.3664622307	11903
46	0.3664314449	11904
46	0.3660624325	11916
46	0.3660624325	11916
46	0.3659703135	11919
46	0.3658781946	11922
46	0.3656328619	11930
46	0.3652960360	11941
46	0.3650820255	11948
46	0.3649293184	11953
46	0.3649293184	11953
46	0.3649293184	11953
46	0.3647157252	11960
46	0.3641676307	11978
46	0.3641068339	11980
46	0.3640460670	11982
46	0.3640156984	11983
46	0.3638638556	11988
46	0.3638638556	11988
46	0.3638638556	11988
46	0.3635605872	11998
46	0.3634394407	12002
46	0.3633183539	12006
46	0.3630159795	12016
46	0.3630159795	12016
46	0.3629555702	12018
46	0.3628951609	12020
46	0.3628650010	12021
46	0.3624729812	12034
46	0.3624428809	12035
46	0.3623525500	12038
46	0.3621118963	12046
46	0.3620517850	12048
46	0.3619616628	12051
46	0.3617815375	12057
46	0.3616615534	12061
46	0.3616315722	12062
46	0.3613319993	12072
46	0.3613020778	12073
46	0.3612422347	12075
46	0.3610628247	12081
46	0.3608835936	12087
46	0.3601981699	12110
46	0.3601981699	12110
46	0.3597822487	12124
46	0.3597525656	12125
46	0.3591010273	12147
46	0.3588646650	12155
46	0.3586286306	12163
46	0.3582751453	12175
46	0.3581869006	12178
46	0.3581574857	12179
46	0.3578049242	12191
46	0.3575409949	12200
46	0.3573066890	12208
46	0.3566931188	12229
46	0.3566639423	12230
46	0.3563143313	12242
46	0.3553274572	12276
46	0.3551538885	12282
46	0.3540584445	12320
46	0.3539147973	12325
46	0.3531126082	12353
45	0.3684743941	11838
45	0.3682877421	11844
45	0.3678839505	11857
45	0.3664622307	11903
45	0.3662776053	11909
45	0.3652348518	11943
45	0.3651737273	11945
45	0.3650514781	11949
45	0.3648682535	11955
45	0.3648682535	11955
45	0.3647157252	11960
45	0.3645633161	11965
45	0.3644414842	11969
45	0.3642588854	11975
45	0.3641676307	11978
45	0.3641068339	11980
45	0.3635908961	11997
45	0.3633486032	12005
45	0.3632578254	12008
45	0.3629857600	12017
45	0.3629253805	12019
45	0.3625332415	12032
45	0.3623826504	12037
45	0.3623525500	12038
45	0.3623525500	12038
45	0.3622021079	12043
45	0.3619316220	12052
45	0.3618715703	12054
45	0.3618415594	12055
45	0.3617815375	12057
45	0.3615716100	12064
45	0.3615116775	12066
45	0.3611524999	12078
45	0.3610927165	12080
45	0.3610329330	12082
45	0.3608238995	12089
45	0.3607343733	12092
45	0.3606747091	12094
45	0.3605852723	12097
45	0.3604660630	12101
45	0.3604362905	12102
45	0.3604065180	12103
45	0.3603767455	12104
45	0.3603469729	12105
45	0.3602874279	12107
45	0.3602874279	12107
45	0.3602576852	12108
45	0.3601981699	12110
45	0.3600792587	12114
45	0.3599900901	12117
45	0.3598119318	12123
45	0.3597229123	12126
45	0.3596339226	12129
45	0.3596339226	12129
45	0.3595746458	12131
45	0.3595449924	12132
45	0.3595153689	12133
45	0.3591305912	12146
45	0.3587171137	12160
45	0.3583045900	12174
45	0.3582457304	12176
45	0.3579223752	12187
45	0.3578636348	12189
45	0.3578342795	12190
45	0.3577755988	12192
45	0.3576289117	12197
45	0.3568973839	12222
45	0.3563143313	12242
45	0.3562561274	12244
45	0.3559944630	12253
45	0.3559073210	12256
45	0.3559073210	12256
45	0.3550960720	12284
45	0.3550671637	12285
45	0.3548072278	12294
45	0.3538860977	12326
45	0.3535705507	12337
45	0.3496873379	12474
44	0.3702886105	11780
44	0.3678839505	11857
44	0.3674500883	11871
44	0.3671407998	11881
44	0.3668937683	11889
44	0.3668320477	11891
44	0.3662468493	11910
44	0.3655103147	11934
44	0.3651125729	11947
44	0.3650209308	11950
44	0.3649293184	11953
44	0.3646547496	11962
44	0.3640156984	11983
44	0.3638638556	11988
44	0.3638031781	11990
44	0.3638031781	11990
44	0.3637121618	11993
44	0.3636212051	11996
44	0.3636212051	11996
44	0.3634091616	12003
44	0.3632880747	12007
44	0.3630461991	12015
44	0.3629253805	12019
44	0.3628650010	12021
44	0.3627744615	12024
44	0.3627141118	12026
44	0.3624428809	12035
44	0.3622923493	12040
44	0.3622923493	12040
44	0.3621419668	12045
44	0.3619316220	12052
44	0.3617815375	12057
44	0.3617815375	12057
44	0.3614817262	12067
44	0.3614218235	12069
44	0.3609433174	12085
44	0.3608537316	12088
44	0.3606747091	12094
44	0.3604362905	12102
44	0.3601684272	12111
44	0.3601387143	12112
44	0.3600495160	12115
44	0.3598119318	12123
44	0.3596339226	12129
44	0.3591010273	12147
44	0.3591010273	12147
44	0.3590714633	12148
44	0.3587171137	12160
44	0.3587171137	12160
44	0.3583928943	12171
44	0.3583340049	12173
44	0.3582751453	12175
44	0.3582163155	12177
44	0.3580105007	12184
44	0.3579811156	12185
44	0.3579223752	12187
44	0.3573652208	12206
44	0.3571311533	12214
44	0.3568390012	12224
44	0.3566347659	12231
44	0.3563725352	12240
44	0.3563434482	12241
44	0.3563434482	12241
44	0.3559944630	12253
44	0.3558202088	12259
44	0.3552695811	12278
44	0.3551827967	12281
44	0.3543460667	12310
44	0.3538860977	12326
44	0.3535132408	12339
44	0.3526273370	12370
44	0.3513491750	12415
43	0.3661546111	11913
43	0.3661238849	11914
43	0.3657554984	11926
43	0.3645633161	11965
43	0.3642284572	11976
43	0.3635908961	11997
43	0.3634999990	12000
43	0.3633788824	12004
43	0.3633486032	12005
43	0.3632275760	12009
43	0.3631973267	12010
43	0.3629555702	12018
43	0.3625633717	12031
43	0.3623525500	12038
43	0.3623224497	12039
43	0.3622622788	12041
43	0.3619316220	12052
43	0.3614517748	12068
43	0.3614218235	12069
43	0.3613020778	12073
43	0.3612422347	12075
43	0.3611824214	12077
43	0.3611524999	12078
43	0.3611226082	12079
43	0.3603767455	12104
43	0.3601684272	12111
43	0.3601387143	12112
43	0.3600495160	12115
43	0.3600198030	12116
43	0.3599900901	12117
43	0.3599900901	12117
43	0.3597229123	12126
43	0.3596635759	12128
43	0.3593672812	12138
43	0.3592784703	12141
43	0.3592488766	12142
43	0.3592193127	12143
43	0.3592193127	12143
43	0.3591897190	12144
43	0.3590714633	12148
43	0.3586876094	12161
43	0.3583045900	12174
43	0.3578636348	12189
43	0.3577169180	12194
43	0.3576875627	12195
43	0.3570142388	12218
43	0.3568682075	12223
43	0.3566347659	12231
43	0.3562852144	12243
43	0.3560235202	12252
43	0.3559363484	12255
43	0.3553853631	12274
43	0.3552695811	12278
43	0.3546629846	12299
43	0.3544612527	12306
43	0.3525988162	12371
43	0.3525703251	12372
43	0.3519444764	12394
43	0.3513491750	12415
43	0.3506149054	12441
43	0.3501364589	12458
43	0.3495472372	12479
42	0.3658168316	11924
42	0.3657248318	11927
42	0.3638335168	11989
42	0.3637121618	11993
42	0.3632578254	12008
42	0.3630461991	12015
42	0.3629253805	12019
42	0.3628348112	12022
42	0.3628046215	12023
42	0.3627744615	12024
42	0.3627442718	12025
42	0.3626839519	12027
42	0.3625633717	12031
42	0.3623224497	12039
42	0.3620818555	12047
42	0.3618115485	12056
42	0.3618115485	12056
42	0.3615716100	12064
42	0.3614517748	12068
42	0.3613020778	12073
42	0.3612721562	12074
42	0.3611226082	12079
42	0.3609433174	12085
42	0.3608537316	12088
42	0.3608238995	12089
42	0.3607642055	12091
42	0.3607045412	12093
42	0.3607045412	12093
42	0.3604660630	12101
42	0.3601089716	12113
42	0.3600792587	12114
42	0.3600495160	12115
42	0.3599900901	12117
42	0.3598712981	12121
42	0.3597229123	12126
42	0.3596339226	12129
42	0.3596339226	12129
42	0.3595153689	12133
42	0.3594561219	12135
42	0.3592193127	12143
42	0.3591601551	12145
42	0.3588646650	12155
42	0.3588056266	12157
42	0.3585696816	12165
42	0.3583045900	12174
42	0.3580398858	12183
42	0.3577169180	12194
42	0.3575996161	12198
42	0.3575409949	12200
42	0.3573066890	12208
42	0.3571311533	12214
42	0.3571019173	12215
42	0.3564599156	12237
42	0.3562270403	12245
42	0.3561106920	12249
42	0.3560525775	12251
42	0.3560525775	12251
42	0.3555591702	12268
42	0.3555591702	12268
42	0.3553274572	12276
42	0.3548649549	12292
42	0.3547783792	12295
42	0.3544612527	12306
42	0.3539435267	12324
42	0.3538286686	12328
42	0.3536565602	12334
42	0.3536278903	12335
42	0.3527699113	12365
42	0.3526558280	12369
42	0.3516607583	12404
41	0.3655103147	11934
41	0.3653572202	11939
41	0.3647767305	11958
41	0.3647767305	11958
41	0.3646547496	11962
41	0.3644110262	11970
41	0.3643501401	11972
41	0.3630159795	12016
41	0.3629555702	12018
41	0.3626236618	12029
41	0.3625031114	12033
41	0.3624729812	12034
41	0.3624127507	12036
41	0.3623525500	12038
41	0.3623224497	12039
41	0.3622321784	12042
41	0.3622321784	12042
41	0.3621118963	12046
41	0.3619616628	12051
41	0.3613319993	12072
41	0.3612721562	12074
41	0.3612422347	12075
41	0.3611226082	12079
41	0.3611226082	12079
41	0.3610628247	12081
41	0.3607940376	12090
41	0.3607045412	12093
41	0.3606449068	12095
41	0.3603767455	12104
41	0.3602576852	12108
41	0.3602279425	12109
41	0.3597822487	12124
41	0.3595449924	12132
41	0.3591897190	12144
41	0.3590123355	12150
41	0.3587761223	12158
41	0.3585991561	12164
41	0.3584223390	12170
41	0.3584223390	12170
41	0.3583340049	12173
41	0.3582457304	12176
41	0.3578636348	12189
41	0.3577169180	12194
41	0.3576875627	12195
41	0.3574530780	12203
41	0.3574237823	12204
41	0.3574237823	12204
41	0.3573066890	12208
41	0.3572481573	12210
41	0.3570726812	12216
41	0.3570142388	12218
41	0.3570142388	12218
41	0.3561688662	12247
41	0.3559654057	12254
41	0.3555591702	12268
41	0.3552406430	12279
41	0.3550960720	12284
41	0.3548072278	12294
41	0.3544324338	12307
41	0.3543460667	12310
41	0.3543172777	12311
41	0.3541159332	12318
41	0.3539435267	12324
41	0.3539435267	12324
41	0.3535419106	12338
41	0.3534846008	12340
41	0.3534559608	12341
41	0.3534559608	12341
41	0.3534273207	12342
41	0.3533986807	12343
41	0.3529697359	12358
41	0.3518309295	12398
41	0.3508969545	12431
41	0.3465755582	12586
40	0.3659703135	11919
40	0.3641372323	11979
40	0.3631066382	12013
40	0.3625031114	12033
40	0.3622321784	12042
40	0.3621118963	12046
40	0.3614517748	12068
40	0.3614517748	12068
40	0.3614218235	12069
40	0.3613020778	12073
40	0.3612123132	12076
40	0.3611524999	12078
40	0.3609433174	12085
40	0.3609134555	12086
40	0.3609134555	12086
40	0.3607940376	12090
40	0.3606747091	12094
40	0.3604660630	12101
40	0.3602874279	12107
40	0.3599603772	12118
40	0.3599009812	12120
40	0.3595746458	12131
40	0.3595449924	12132
40	0.3595449924	12132
40	0.3595449924	12132
40	0.3593968749	12137
40	0.3590714633	12148
40	0.3587466180	12159
40	0.3585696816	12165
40	0.3585107327	12167
40	0.3584812582	12168
40	0.3584518135	12169
40	0.3580986857	12181
40	0.3575409949	12200
40	0.3574823737	12202
40	0.3572481573	12210
40	0.3571603894	12213
40	0.3570434749	12217
40	0.3569265902	12221
40	0.3568682075	12223
40	0.3567514420	12227
40	0.3566931188	12229
40	0.3566347659	12231
40	0.3564890623	12236
40	0.3564890623	12236
40	0.3564016521	12239
40	0.3562852144	12243
40	0.3561979532	12246
40	0.3561979532	12246
40	0.3559944630	12253
40	0.3554432988	12272
40	0.3553274572	12276
40	0.3548649549	12292
40	0.3547495008	12296
40	0.3542309701	12314
40	0.3535992205	12336
40	0.3535992205	12336
40	0.3532269895	12349
40	0.3521718085	12386
40	0.3517174721	12402
40	0.3514907360	12410
40	0.3506994545	12438
40	0.3505022228	12445
40	0.3502207994	12455
40	0.3500240743	12462
40	0.3497153819	12473
40	0.3493233025	12487
40	0.3489879072	12499
39	0.3649598360	11952
39	0.3648072183	11957
39	0.3645937741	11964
39	0.3645023704	11967
39	0.3639549315	11985
39	0.3636515141	11995
39	0.3635303080	11999
39	0.3631671071	12011
39	0.3630764186	12014
39	0.3625031114	12033
39	0.3619917035	12050
39	0.3618715703	12054
39	0.3616315722	12062
39	0.3615716100	12064
39	0.3615416586	12065
39	0.3615116775	12066
39	0.3613319993	12072
39	0.3612422347	12075
39	0.3610927165	12080
39	0.3606747091	12094
39	0.3606449068	12095
39	0.3604065180	12103
39	0.3602279425	12109
39	0.3602279425	12109
39	0.3600792587	12114
39	0.3600495160	12115
39	0.3599900901	12117
39	0.3598416150	12122
39	0.3597229123	12126
39	0.3594561219	12135
39	0.3593376577	12139
39	0.3592193127	12143
39	0.3590714633	12148
39	0.3585107327	12167
39	0.3584812582	12168
39	0.3584518135	12169
39	0.3582163155	12177
39	0.3581574857	12179
39	0.3580105007	12184
39	0.3577462435	12193
39	0.3576875627	12195
39	0.3576582372	12196
39	0.3575702906	12199
39	0.3575409949	12200
39	0.3573652208	12206
39	0.3571019173	12215
39	0.3570142388	12218
39	0.3567514420	12227
39	0.3565181792	12235
39	0.3563434482	12241
39	0.3560235202	12252
39	0.3559654057	12254
39	0.3558782637	12257
39	0.3556171656	12266
39	0.3555591702	12268
39	0.3548938334	12291
39	0.3546629846	12299
39	0.3541734219	12316
39	0.3538286686	12328
39	0.3538286686	12328
39	0.3537999690	12329
39	0.3537712991	12330
39	0.3537139297	12332
39	0.3531411886	12352
39	0.3528840840	12361
39	0.3514340818	12412
39	0.3498275578	12469
39	0.3495472372	12479
38	0.3636212051	11996
38	0.3634697199	12001
38	0.3632578254	12008
38	0.3630764186	12014
38	0.3629253805	12019
38	0.3625633717	12031
38	0.3616615534	12061
38	0.3616615534	12061
38	0.3613020778	12073
38	0.3611524999	12078
38	0.3610329330	12082
38	0.3610329330	12082
38	0.3607045412	12093
38	0.3606747091	12094
38	0.3606449068	12095
38	0.3599900901	12117
38	0.3599603772	12118
38	0.3599306941	12119
38	0.3597822487	12124
38	0.3597229123	12126
38	0.3595153689	12133
38	0.3594561219	12135
38	0.3593080640	12140
38	0.3590418994	12149
38	0.3589532673	12152
38	0.3588646650	12155
38	0.3587761223	12158
38	0.3585696816	12165
38	0.3585107327	12167
38	0.3583340049	12173
38	0.3578636348	12189
38	0.3576582372	12196
38	0.3575702906	12199
38	0.3572188914	12211
38	0.3571603894	12213
38	0.3571311533	12214
38	0.3570434749	12217
38	0.3569850326	12219
38	0.3569557965	12220
38	0.3566931188	12229
38	0.3566056192	12232
38	0.3564307988	12238
38	0.3564016521	12239
38	0.3562561274	12244
38	0.3558492362	12258
38	0.3556461334	12265
38	0.3555881679	12267
38	0.3554143310	12273
38	0.3553274572	12276
38	0.3552985191	12277
38	0.3550960720	12284
38	0.3550671637	12285
38	0.3546918333	12298
38	0.3542884886	12312
38	0.3532555997	12348
38	0.3530840278	12354
38	0.3528269827	12363
38	0.3527984619	12364
38	0.3527984619	12364
38	0.3526558280	12369
38	0.3521149457	12388
38	0.3519728780	12393
38	0.3513208628	12416
38	0.3512925804	12417
38	0.3512077332	12420
38	0.3509816527	12428
38	0.3508122861	12434
38	0.3507558703	12436
38	0.3506430984	12440
38	0.3503051698	12452
38	0.3503051698	12452
38	0.3500802517	12460
38	0.3500240743	12462
38	0.3499960005	12463
38	0.3499117494	12466
38	0.3498275578	12469
38	0.3496873379	12474
38	0.3496312797	12476
38	0.3494352400	12483
38	0.3486810625	12510
38	0.3484860659	12517
37	0.3626839519	12027
37	0.3620217443	12049
37	0.3617815375	12057
37	0.3614218235	12069
37	0.3609134555	12086
37	0.3608238995	12089
37	0.3606150746	12096
37	0.3605256677	12099
37	0.3603469729	12105
37	0.3601387143	12112
37	0.3598119318	12123
37	0.3596932590	12127
37	0.3595746458	12131
37	0.3593376577	12139
37	0.3593080640	12140
37	0.3590714633	12148
37	0.3589532673	12152
37	0.3589237332	12153
37	0.3586876094	12161
37	0.3585991561	12164
37	0.3581574857	12179
37	0.3580105007	12184
37	0.3579811156	12185
37	0.3577755988	12192
37	0.3576582372	12196
37	0.3575996161	12198
37	0.3575996161	12198
37	0.3572774231	12209
37	0.3570142388	12218
37	0.3569265902	12221
37	0.3566639423	12230
37	0.3563725352	12240
37	0.3562561274	12244
37	0.3557911813	12260
37	0.3557041585	12263
37	0.3556751609	12264
37	0.3555302024	12269
37	0.3554722369	12271
37	0.3554432988	12272
37	0.3554143310	12273
37	0.3553853631	12274
37	0.3552985191	12277
37	0.3552406430	12279
37	0.3547783792	12295
37	0.3547495008	12296
37	0.3546053171	12301
37	0.3546053171	12301
37	0.3541734219	12316
37	0.3538573980	12327
37	0.3537999690	12329
37	0.3537712991	12330
37	0.3532842100	12347
37	0.3528555334	12362
37	0.3525988162	12371
37	0.3525703251	12372
37	0.3525418341	12373
37	0.3523994088	12378
37	0.3523140252	12381
37	0.3520865142	12389
37	0.3520012796	12392
37	0.3519161046	12395
37	0.3518309295	12398
37	0.3518025577	12399
37	0.3516324162	12405
37	0.3510664105	12425
37	0.3508969545	12431
37	0.3508687317	12432
37	0.3499117494	12466
37	0.3498837054	12467
37	0.3494912386	12481
37	0.3489600122	12500
37	0.3489041626	12502
37	0.3487646878	12507
37	0.3487089276	12509
37	0.3478191495	12541
37	0.3470443189	12569
37	0.3450130522	12643
36	0.3638942242	11987
36	0.3620217443	12049
36	0.3615116775	12066
36	0.3611226082	12079
36	0.3605256677	12099
36	0.3604660630	12101
36	0.3603469729	12105
36	0.3602279425	12109
36	0.3601684272	12111
36	0.3597822487	12124
36	0.3597229123	12126
36	0.3596932590	12127
36	0.3591305912	12146
36	0.3582163155	12177
36	0.3580398858	12183
36	0.3580105007	12184
36	0.3579223752	12187
36	0.3576875627	12195
36	0.3575116694	12201
36	0.3573652208	12206
36	0.3573066890	12208
36	0.3572481573	12210
36	0.3571019173	12215
36	0.3569850326	12219
36	0.3568390012	12224
36	0.3566639423	12230
36	0.3565181792	12235
36	0.3562270403	12245
36	0.3559944630	12253
36	0.3559073210	12256
36	0.3556171656	12266
36	0.3548649549	12292
36	0.3547783792	12295
36	0.3547206521	12297
36	0.3546629846	12299
36	0.3542021811	12315
36	0.3541446924	12317
36	0.3541159332	12318
36	0.3540009856	12322
36	0.3539435267	12324
36	0.3536565602	12334
36	0.3535992205	12336
36	0.3535419106	12338
36	0.3532269895	12349
36	0.3531697690	12351
36	0.3529982865	12357
36	0.3528840840	12361
36	0.3520297110	12391
36	0.3510664105	12425
36	0.3508969545	12431
36	0.3506712615	12439
36	0.3501364589	12458
36	0.3499960005	12463
36	0.3497153819	12473
36	0.3495472372	12479
36	0.3490437567	12497
36	0.3484025598	12520
36	0.3466306329	12584
36	0.3460257053	12606
36	0.3456966281	12618
36	0.3420103490	12754
35	0.3617215455	12059
35	0.3608238995	12089
35	0.3606747091	12094
35	0.3600495160	12115
35	0.3594857454	12134
35	0.3591601551	12145
35	0.3588646650	12155
35	0.3587761223	12158
35	0.3586876094	12161
35	0.3583928943	12171
35	0.3582163155	12177
35	0.3581869006	12178
35	0.3580692708	12182
35	0.3580105007	12184
35	0.3579811156	12185
35	0.3579811156	12185
35	0.3577755988	12192
35	0.3575409949	12200
35	0.3573652208	12206
35	0.3571896553	12212
35	0.3570142388	12218
35	0.3570142388	12218
35	0.3566639423	12230
35	0.3565181792	12235
35	0.3564599156	12237
35	0.3563143313	12242
35	0.3562852144	12243
35	0.3561979532	12246
35	0.3561688662	12247
35	0.3561688662	12247
35	0.3560816348	12250
35	0.3560525775	12251
35	0.3560235202	12252
35	0.3560235202	12252
35	0.3559363484	12255
35	0.3556751609	12264
35	0.3556751609	12264
35	0.3555881679	12267
35	0.3555302024	12269
35	0.3554722369	12271
35	0.3554143310	12273
35	0.3553853631	12274
35	0.3553853631	12274
35	0.3553564250	12275
35	0.3550960720	12284
35	0.3549227118	12290
35	0.3545476794	12303
35	0.3542021811	12315
35	0.3541159332	12318
35	0.3540297151	12321
35	0.3540009856	12322
35	0.3537139297	12332
35	0.3537139297	12332
35	0.3536278903	12335
35	0.3534559608	12341
35	0.3533700705	12344
35	0.3530268669	12356
35	0.3529982865	12357
35	0.3520581126	12390
35	0.3516607583	12404
35	0.3515757322	12407
35	0.3514340818	12412
35	0.3512077332	12420
35	0.3510381579	12426
35	0.3510099053	12427
35	0.3509251773	12430
35	0.3508969545	12431
35	0.3506994545	12438
35	0.3502770364	12453
35	0.3498275578	12469
35	0.3491834700	12492
35	0.3489320874	12501
35	0.3484582305	12518
35	0.3481245041	12530
35	0.3478468955	12540
35	0.3465204835	12588
35	0.3462729156	12597
35	0.3458610773	12612
35	0.3456418514	12620
34	0.3619917035	12050
34	0.3616915345	12060
34	0.3602279425	12109
34	0.3601684272	12111
34	0.3598416150	12122
34	0.3595153689	12133
34	0.3592193127	12143
34	0.3590123355	12150
34	0.3589532673	12152
34	0.3585402071	12166
34	0.3584518135	12169
34	0.3583634496	12172
34	0.3582163155	12177
34	0.3580986857	12181
34	0.3578930199	12188
34	0.3578342795	12190
34	0.3577462435	12193
34	0.3576582372	12196
34	0.3576289117	12197
34	0.3575409949	12200
34	0.3572188914	12211
34	0.3570434749	12217
34	0.3565764725	12233
34	0.3561979532	12246
34	0.3561688662	12247
34	0.3560235202	12252
34	0.3558782637	12257
34	0.3558202088	12259
34	0.3556751609	12264
34	0.3555012345	12270
34	0.3554722369	12271
34	0.3553853631	12274
34	0.3551827967	12281
34	0.3550093472	12287
34	0.3549804688	12288
34	0.3549804688	12288
34	0.3548938334	12291
34	0.3547783792	12295
34	0.3546918333	12298
34	0.3545188606	12304
34	0.3543172777	12311
34	0.3542597294	12313
34	0.3542309701	12314
34	0.3540297151	12321
34	0.3540009856	12322
34	0.3539435267	12324
34	0.3539435267	12324
34	0.3538573980	12327
34	0.3533414304	12345
34	0.3533128202	12346
34	0.3530268669	12356
34	0.3528840840	12361
34	0.3527128696	12367
34	0.3527128696	12367
34	0.3525988162	12371
34	0.3523424864	12380
34	0.3522855639	12382
34	0.3520865142	12389
34	0.3519161046	12395
34	0.3517458141	12401
34	0.3516040742	12406
34	0.3508687317	12432
34	0.3508122861	12434
34	0.3506712615	12439
34	0.3502770364	12453
34	0.3498837054	12467
34	0.3494072556	12484
34	0.3489320874	12501
34	0.3488483727	12504
34	0.3483469188	12522
34	0.3481522799	12529
34	0.3476528227	12547
34	0.3476251066	12548
34	0.3474866450	12553
34	0.3473483026	12558
34	0.3469614983	12572
34	0.3466306329	12584
34	0.3459708095	12608
33	0.3650514781	11949
33	0.3598712981	12121
33	0.3583045900	12174
33	0.3580692708	12182
33	0.3576875627	12195
33	0.3572188914	12211
33	0.3570434749	12217
33	0.3569850326	12219
33	0.3569850326	12219
33	0.3569557965	12220
33	0.3566639423	12230
33	0.3566639423	12230
33	0.3565181792	12235
33	0.3564307988	12238
33	0.3564307988	12238
33	0.3563143313	12242
33	0.3561688662	12247
33	0.3561106920	12249
33	0.3559944630	12253
33	0.3559363484	12255
33	0.3558202088	12259
33	0.3553564250	12275
33	0.3551538885	12282
33	0.3551249802	12283
33	0.3551249802	12283
33	0.3550960720	12284
33	0.3550093472	12287
33	0.3548938334	12291
33	0.3548938334	12291
33	0.3547783792	12295
33	0.3547206521	12297
33	0.3547206521	12297
33	0.3546629846	12299
33	0.3544612527	12306
33	0.3543172777	12311
33	0.3543172777	12311
33	0.3542884886	12312
33	0.3542021811	12315
33	0.3542021811	12315
33	0.3540297151	12321
33	0.3540009856	12322
33	0.3536278903	12335
33	0.3533700705	12344
33	0.3533700705	12344
33	0.3531411886	12352
33	0.3531126082	12353
33	0.3529697359	12358
33	0.3527984619	12364
33	0.3527413905	12366
33	0.3526843488	12368
33	0.3522571325	12383
33	0.3522286713	12384
33	0.3521433771	12387
33	0.3519444764	12394
33	0.3519444764	12394
33	0.3516324162	12405
33	0.3514340818	12412
33	0.3512077332	12420
33	0.3509816527	12428
33	0.3508687317	12432
33	0.3508122861	12434
33	0.3503333032	12451
33	0.3499117494	12466
33	0.3497714698	12471
33	0.3493792415	12485
33	0.3491834700	12492
33	0.3488762677	12503
33	0.3487646878	12507
33	0.3487089276	12509
33	0.3485417366	12515
33	0.3478746414	12539
33	0.3477359712	12544
33	0.3473483026	12558
33	0.3470166922	12570
33	0.3465204835	12588
33	0.3464104235	12592
33	0.3443865478	12666
33	0.3436269164	12694
32	0.3589532673	12152
32	0.3580105007	12184
32	0.3578636348	12189
32	0.3572188914	12211
32	0.3571311533	12214
32	0.3570726812	12216
32	0.3567222655	12228
32	0.3566056192	12232
32	0.3565764725	12233
32	0.3561397791	12248
32	0.3560235202	12252
32	0.3559654057	12254
32	0.3559654057	12254
32	0.3554143310	12273
32	0.3551538885	12282
32	0.3550382555	12286
32	0.3549804688	12288
32	0.3546341360	12300
32	0.3545476794	12303
32	0.3544900417	12305
32	0.3543748558	12309
32	0.3543460667	12310
32	0.3542309701	12314
32	0.3541734219	12316
32	0.3541446924	12317
32	0.3539435267	12324
32	0.3538860977	12326
32	0.3537999690	12329
32	0.3537425995	12331
32	0.3531411886	12352
32	0.3531126082	12353
32	0.3527984619	12364
32	0.3527984619	12364
32	0.3527413905	12366
32	0.3526273370	12370
32	0.3524563611	12376
32	0.3520865142	12389
32	0.3520865142	12389
32	0.3520297110	12391
32	0.3520012796	12392
32	0.3517741859	12400
32	0.3517174721	12402
32	0.3514624238	12411
32	0.3513774872	12414
32	0.3513208628	12416
32	0.3510381579	12426
32	0.3506430984	12440
32	0.3502207994	12455
32	0.3501645625	12457
32	0.3500521481	12461
32	0.3498275578	12469
32	0.3496032655	12477
32	0.3491555154	12493
32	0.3486253321	12512
32	0.3475420177	12551
32	0.3469063044	12574
32	0.3466857374	12582
32	0.3463004231	12596
32	0.3459982574	12607
32	0.3455323279	12624
32	0.3444409370	12664
32	0.3438706994	12685
32	0.3412878513	12781
31	0.3592784703	12141
31	0.3588646650	12155
31	0.3586286306	12163
31	0.3575116694	12201
31	0.3568973839	12222
31	0.3568390012	12224
31	0.3568098247	12225
31	0.3565473258	12234
31	0.3563434482	12241
31	0.3562852144	12243
31	0.3562561274	12244
31	0.3560816348	12250
31	0.3560235202	12252
31	0.3555302024	12269
31	0.3555012345	12270
31	0.3554432988	12272
31	0.3550960720	12284
31	0.3548072278	12294
31	0.3546341360	12300
31	0.3544900417	12305
31	0.3544612527	12306
31	0.3544036448	12308
31	0.3540871739	12319
31	0.3538573980	12327
31	0.3536852300	12333
31	0.3536565602	12334
31	0.3535419106	12338
31	0.3535419106	12338
31	0.3534846008	12340
31	0.3533700705	12344
31	0.3533414304	12345
31	0.3529697359	12358
31	0.3528840840	12361
31	0.3527413905	12366
31	0.3525133431	12374
31	0.3525133431	12374
31	0.3524278998	12377
31	0.3520297110	12391
31	0.3519728780	12393
31	0.3518877029	12396
31	0.3516607583	12404
31	0.3515473902	12408
31	0.3514057696	12413
31	0.3512077332	12420
31	0.3511229157	12423
31	0.3509534299	12429
31	0.3508969545	12431
31	0.3508969545	12431
31	0.3505585492	12443
31	0.3504740596	12446
31	0.3503895998	12449
31	0.3503051698	12452
31	0.3497434258	12472
31	0.3496593237	12475
31	0.3494632244	12482
31	0.3493792415	12485
31	0.3490717113	12496
31	0.3481522799	12529
31	0.3480967283	12531
31	0.3480689526	12532
31	0.3478191495	12541
31	0.3467684090	12579
31	0.3466582000	12583
31	0.3464929760	12589
31	0.3461630046	12601
31	0.3461355269	12602
31	0.3460531533	12605
31	0.3447948694	12651
31	0.3442778289	12670
31	0.3435186744	12698
31	0.3429245353	12720
31	0.3426820636	12729
30	0.3595746458	12131
30	0.3587466180	12159
30	0.3563143313	12242
30	0.3561106920	12249
30	0.3556751609	12264
30	0.3556461334	12265
30	0.3552695811	12278
30	0.3551827967	12281
30	0.3551249802	12283
30	0.3548072278	12294
30	0.3546341360	12300
30	0.3544900417	12305
30	0.3543460667	12310
30	0.3543172777	12311
30	0.3542884886	12312
30	0.3541734219	12316
30	0.3541159332	12318
30	0.3540871739	12319
30	0.3540871739	12319
30	0.3536852300	12333
30	0.3536565602	12334
30	0.3535992205	12336
30	0.3534273207	12342
30	0.3534273207	12342
30	0.3533986807	12343
30	0.3532842100	12347
30	0.3530268669	12356
30	0.3529697359	12358
30	0.3528555334	12362
30	0.3527413905	12366
30	0.3527128696	12367
30	0.3523140252	12381
30	0.3522855639	12382
30	0.3520581126	12390
30	0.3519161046	12395
30	0.3518877029	12396
30	0.3518309295	12398
30	0.3516891003	12403
30	0.3513774872	12414
30	0.3513491750	12415
30	0.3512642980	12418
30	0.3512360156	12419
30	0.3510664105	12425
30	0.3510381579	12426
30	0.3509816527	12428
30	0.3505867124	12442
30	0.3505585492	12443
30	0.3505585492	12443
30	0.3502770364	12453
30	0.3500521481	12461
30	0.3496593237	12475
30	0.3492673635	12489
30	0.3489320874	12501
30	0.3488762677	12503
30	0.3485974669	12513
30	0.3483747244	12521
30	0.3477359712	12544
30	0.3474866450	12553
30	0.3474036455	12556
30	0.3467684090	12579
30	0.3466030955	12585
30	0.3464929760	12589
30	0.3463554084	12594
30	0.3448766470	12648
30	0.3440063000	12680
30	0.3409144282	12795
29	0.3588646650	12155
29	0.3576582372	12196
29	0.3576582372	12196
29	0.3564890623	12236
29	0.3559363484	12255
29	0.3557621837	12261
29	0.3555881679	12267
29	0.3551827967	12281
29	0.3549804688	12288
29	0.3539722562	12323
29	0.3537425995	12331
29	0.3534846008	12340
29	0.3533414304	12345
29	0.3533128202	12346
29	0.3530268669	12356
29	0.3529411852	12359
29	0.3525988162	12371
29	0.3525703251	12372
29	0.3525418341	12373
29	0.3523709476	12379
29	0.3520865142	12389
29	0.3520012796	12392
29	0.3519444764	12394
29	0.3515473902	12408
29	0.3514624238	12411
29	0.3513774872	12414
29	0.3512925804	12417
29	0.3511229157	12423
29	0.3509251773	12430
29	0.3505867124	12442
29	0.3503051698	12452
29	0.3503051698	12452
29	0.3501926661	12456
29	0.3499678969	12464
29	0.3496312797	12476
29	0.3495192230	12480
29	0.3488483727	12504
29	0.3485417366	12515
29	0.3482356668	12526
29	0.3482356668	12526
29	0.3481522799	12529
29	0.3479578793	12536
29	0.3476805389	12546
29	0.3476528227	12547
29	0.3473759592	12557
29	0.3471271694	12566
29	0.3469890952	12571
29	0.3464104235	12592
29	0.3464104235	12592
29	0.3462179601	12599
29	0.3460531533	12605
29	0.3453408182	12631
29	0.3451222479	12639
29	0.3450130522	12643
29	0.3438706994	12685
29	0.3436269164	12694
29	0.3371203244	12939
28	0.3564307988	12238
28	0.3546341360	12300
28	0.3546341360	12300
28	0.3539435267	12324
28	0.3539147973	12325
28	0.3533414304	12345
28	0.3532842100	12347
28	0.3531126082	12353
28	0.3530840278	12354
28	0.3526843488	12368
28	0.3525133431	12374
28	0.3523140252	12381
28	0.3522571325	12383
28	0.3521149457	12388
28	0.3520865142	12389
28	0.3520865142	12389
28	0.3518593311	12397
28	0.3518309295	12398
28	0.3517741859	12400
28	0.3517174721	12402
28	0.3513208628	12416
28	0.3512642980	12418
28	0.3512077332	12420
28	0.3504458964	12447
28	0.3503333032	12451
28	0.3500521481	12461
28	0.3499960005	12463
28	0.3498556316	12468
28	0.3497995138	12470
28	0.3497714698	12471
28	0.3497714698	12471
28	0.3495472372	12479
28	0.3495472372	12479
28	0.3494632244	12482
28	0.3493512869	12486
28	0.3491555154	12493
28	0.3490437567	12497
28	0.3485696018	12514
28	0.3484860659	12517
28	0.3484303951	12519
28	0.3482912779	12524
28	0.3482912779	12524
28	0.3480967283	12531
28	0.3477636874	12543
28	0.3477636874	12543
28	0.3475420177	12551
28	0.3474589884	12554
28	0.3474589884	12554
28	0.3474589884	12554
28	0.3469063044	12574
28	0.3464929760	12589
28	0.3464929760	12589
28	0.3460806012	12604
28	0.3459433615	12609
28	0.3458610773	12612
28	0.3452588320	12634
28	0.3452315032	12635
28	0.3451768756	12637
28	0.3451495469	12638
28	0.3445497751	12660
28	0.3445225358	12661
28	0.3441420197	12675
28	0.3437623084	12689
28	0.3433293998	12705
28	0.3423861861	12740
28	0.3419031203	12758
27	0.3564890623	12236
27	0.3562852144	12243
27	0.3550671637	12285
27	0.3550382555	12286
27	0.3541734219	12316
27	0.3539435267	12324
27	0.3537425995	12331
27	0.3534559608	12341
27	0.3531411886	12352
27	0.3529982865	12357
27	0.3529697359	12358
27	0.3528555334	12362
27	0.3528269827	12363
27	0.3527413905	12366
27	0.3526843488	12368
27	0.3525988162	12371
27	0.3525418341	12373
27	0.3523424864	12380
27	0.3523424864	12380
27	0.3520865142	12389
27	0.3517741859	12400
27	0.3516040742	12406
27	0.3512642980	12418
27	0.3512360156	12419
27	0.3510664105	12425
27	0.3508687317	12432
27	0.3506149054	12441
27	0.3502770364	12453
27	0.3501645625	12457
27	0.3498556316	12468
27	0.3497995138	12470
27	0.3497434258	12472
27	0.3494072556	12484
27	0.3492114246	12491
27	0.3491275907	12494
27	0.3488762677	12503
27	0.3488762677	12503
27	0.3485974669	12513
27	0.3485139012	12516
27	0.3482912779	12524
27	0.3482634723	12525
27	0.3482634723	12525
27	0.3480411768	12533
27	0.3476251066	12548
27	0.3475697339	12550
27	0.3470995426	12567
27	0.3470166922	12570
27	0.3469339013	12573
27	0.3467960060	12578
27	0.3466582000	12583
27	0.3460806012	12604
27	0.3455870748	12622
27	0.3453134894	12632
27	0.3452588320	12634
27	0.3451495469	12638
27	0.3445225358	12661
27	0.3442778289	12670
27	0.3435727656	12696
27	0.3435727656	12696
27	0.3428975642	12721
27	0.3426820636	12729
27	0.3425475061	12734
27	0.3413946927	12777
27	0.3403027058	12818
27	0.3398519754	12835
27	0.3396402597	12843
27	0.3370942771	12940
26	0.3575996161	12198
26	0.3573359549	12207
26	0.3559363484	12255
26	0.3544900417	12305
26	0.3544612527	12306
26	0.3534559608	12341
26	0.3534273207	12342
26	0.3533414304	12345
26	0.3527413905	12366
26	0.3524563611	12376
26	0.3523994088	12378
26	0.3522286713	12384
26	0.3522286713	12384
26	0.3522002399	12385
26	0.3520297110	12391
26	0.3518593311	12397
26	0.3515473902	12408
26	0.3515473902	12408
26	0.3514340818	12412
26	0.3512077332	12420
26	0.3511229157	12423
26	0.3508969545	12431
26	0.3508687317	12432
26	0.3508122861	12434
26	0.3503614366	12450
26	0.3502489030	12454
26	0.3497714698	12471
26	0.3497434258	12472
26	0.3496312797	12476
26	0.3496312797	12476
26	0.3496032655	12477
26	0.3496032655	12477
26	0.3494352400	12483
26	0.3494352400	12483
26	0.3490996361	12495
26	0.3490437567	12497
26	0.3490158319	12498
26	0.3487646878	12507
26	0.3487368226	12508
26	0.3486810625	12510
26	0.3484025598	12520
26	0.3482634723	12525
26	0.3482356668	12526
26	0.3481245041	12530
26	0.3480411768	12533
26	0.3479578793	12536
26	0.3479578793	12536
26	0.3478746414	12539
26	0.3478468955	12540
26	0.3478468955	12540
26	0.3477082551	12545
26	0.3476805389	12546
26	0.3471547961	12565
26	0.3469890952	12571
26	0.3469339013	12573
26	0.3469339013	12573
26	0.3466306329	12584
26	0.3466306329	12584
26	0.3465480208	12587
26	0.3463829160	12593
26	0.3463279009	12595
26	0.3461630046	12601
26	0.3461630046	12601
26	0.3460531533	12605
26	0.3460257053	12606
26	0.3457240164	12617
26	0.3456418514	12620
26	0.3455596864	12623
26	0.3450130522	12643
26	0.3449584842	12645
26	0.3446314335	12657
26	0.3446041942	12658
26	0.3443593681	12667
26	0.3442778289	12670
26	0.3438706994	12685
26	0.3434645534	12700
26	0.3428167105	12724
26	0.3426551521	12730
26	0.3423324525	12742
26	0.3422787189	12744
26	0.3420103490	12754
26	0.3403292596	12817
26	0.3391912878	12860
26	0.3362886310	12971
25	0.3545764983	12302
25	0.3535705507	12337
25	0.3528555334	12362
25	0.3522571325	12383
25	0.3522571325	12383
25	0.3520581126	12390
25	0.3517174721	12402
25	0.3512077332	12420
25	0.3510946631	12424
25	0.3505867124	12442
25	0.3504740596	12446
25	0.3500802517	12460
25	0.3499398232	12465
25	0.3498837054	12467
25	0.3494912386	12481
25	0.3492673635	12489
25	0.3492393792	12490
25	0.3485696018	12514
25	0.3485417366	12515
25	0.3484303951	12519
25	0.3484025598	12520
25	0.3480411768	12533
25	0.3477914333	12542
25	0.3476805389	12546
25	0.3476528227	12547
25	0.3476251066	12548
25	0.3474589884	12554
25	0.3474589884	12554
25	0.3472929895	12560
25	0.3472377062	12562
25	0.3471824229	12564
25	0.3469339013	12573
25	0.3468235731	12577
25	0.3467684090	12579
25	0.3464654386	12590
25	0.3464654386	12590
25	0.3464104235	12592
25	0.3463554084	12594
25	0.3463279009	12595
25	0.3463004231	12596
25	0.3462729156	12597
25	0.3462729156	12597
25	0.3462454379	12598
25	0.3458336592	12613
25	0.3455049396	12625
25	0.3455049396	12625
25	0.3449857533	12644
25	0.3448766470	12648
25	0.3443050086	12669
25	0.3438978195	12684
25	0.3435998559	12695
25	0.3433023691	12706
25	0.3432213366	12709
25	0.3429245353	12720
25	0.3425744176	12733
25	0.3411276937	12787
25	0.3406747878	12804
25	0.3403027058	12818
25	0.3396402597	12843
25	0.3391121924	12863
25	0.3390594721	12865
24	0.3532269895	12349
24	0.3528555334	12362
24	0.3526558280	12369
24	0.3523140252	12381
24	0.3518309295	12398
24	0.3517741859	12400
24	0.3512925804	12417
24	0.3512360156	12419
24	0.3505585492	12443
24	0.3505303860	12444
24	0.3504740596	12446
24	0.3500240743	12462
24	0.3497995138	12470
24	0.3497995138	12470
24	0.3494912386	12481
24	0.3491834700	12492
24	0.3491275907	12494
24	0.3490437567	12497
24	0.3489879072	12499
24	0.3486531973	12511
24	0.3486253321	12512
24	0.3486253321	12512
24	0.3484303951	12519
24	0.3483747244	12521
24	0.3483190835	12523
24	0.3480411768	12533
24	0.3479856551	12535
24	0.3476251066	12548
24	0.3475420177	12551
24	0.3473759592	12557
24	0.3472653329	12561
24	0.3472653329	12561
24	0.3472377062	12562
24	0.3472100496	12563
24	0.3469890952	12571
24	0.3468511403	12576
24	0.3468511403	12576
24	0.3465480208	12587
24	0.3464929760	12589
24	0.3461904824	12600
24	0.3459159434	12610
24	0.3457788229	12615
24	0.3454775810	12626
24	0.3454775810	12626
24	0.3454775810	12626
24	0.3450676501	12641
24	0.3449857533	12644
24	0.3446041942	12658
24	0.3437623084	12689
24	0.3431403339	12712
24	0.3430054188	12717
24	0.3424399495	12738
24	0.3423861861	12740
24	0.3421713114	12748
24	0.3416085839	12769
24	0.3411010206	12788
24	0.3403823674	12815
24	0.3403292596	12817
24	0.3402761519	12819
24	0.3392440379	12858
24	0.3389804065	12868
24	0.3386645913	12880
24	0.3365481198	12961
23	0.3535419106	12338
23	0.3528555334	12362
23	0.3527984619	12364
23	0.3517174721	12402
23	0.3516324162	12405
23	0.3515473902	12408
23	0.3514907360	12410
23	0.3514624238	12411
23	0.3508405089	12433
23	0.3502489030	12454
23	0.3498556316	12468
23	0.3498556316	12468
23	0.3497995138	12470
23	0.3497153819	12473
23	0.3496032655	12477
23	0.3491275907	12494
23	0.3490437567	12497
23	0.3489879072	12499
23	0.3489879072	12499
23	0.3489600122	12500
23	0.3488204777	12505
23	0.3487925828	12506
23	0.3484860659	12517
23	0.3484582305	12518
23	0.3482912779	12524
23	0.3482634723	12525
23	0.3481522799	12529
23	0.3480134010	12534
23	0.3479023874	12538
23	0.3479023874	12538
23	0.3478468955	12540
23	0.3475143313	12552
23	0.3473206460	12559
23	0.3470166922	12570
23	0.3468235731	12577
23	0.3468235731	12577
23	0.3467133045	12581
23	0.3466857374	12582
23	0.3466857374	12582
23	0.3464929760	12589
23	0.3463554084	12594
23	0.3463279009	12595
23	0.3462179601	12599
23	0.3460531533	12605
23	0.3460257053	12606
23	0.3459708095	12608
23	0.3459708095	12608
23	0.3458884954	12611
23	0.3456692398	12619
23	0.3455049396	12625
23	0.3453681767	12630
23	0.3452861607	12633
23	0.3452588320	12634
23	0.3451768756	12637
23	0.3451222479	12639
23	0.3442234993	12672
23	0.3439791799	12681
23	0.3436810672	12692
23	0.3435727656	12696
23	0.3435727656	12696
23	0.3434375226	12701
23	0.3432483375	12708
23	0.3432483375	12708
23	0.3430323899	12716
23	0.3429514766	12719
23	0.3429245353	12720
23	0.3422250152	12746
23	0.3421713114	12748
23	0.3421176374	12750
23	0.3420103490	12754
23	0.3418763280	12759
23	0.3415550888	12771
23	0.3401434720	12824
23	0.3396138251	12844
23	0.3392176628	12859
23	0.3390858173	12864
23	0.3358226120	12989
23	0.3345348537	13039
22	0.3512077332	12420
22	0.3509251773	12430
22	0.3504740596	12446
22	0.3501364589	12458
22	0.3499678969	12464
22	0.3499117494	12466
22	0.3495472372	12479
22	0.3494072556	12484
22	0.3492393792	12490
22	0.3490717113	12496
22	0.3489320874	12501
22	0.3486531973	12511
22	0.3476528227	12547
22	0.3475974202	12549
22	0.3472929895	12560
22	0.3472929895	12560
22	0.3471824229	12564
22	0.3469063044	12574
22	0.3467960060	12578
22	0.3467960060	12578
22	0.3466582000	12583
22	0.3466030955	12585
22	0.3464654386	12590
22	0.3459159434	12610
22	0.3457788229	12615
22	0.3455049396	12625
22	0.3454228640	12628
22	0.3453408182	12631
22	0.3449039161	12647
22	0.3449039161	12647
22	0.3446041942	12658
22	0.3445769846	12659
22	0.3444953263	12662
22	0.3443593681	12667
22	0.3441420197	12675
22	0.3431943357	12710
22	0.3429784477	12718
22	0.3426282406	12731
22	0.3424130678	12739
22	0.3423593044	12741
22	0.3421981633	12747
22	0.3421176374	12750
22	0.3419299126	12757
22	0.3416085839	12769
22	0.3415283561	12772
22	0.3414748609	12774
22	0.3411010206	12788
22	0.3410210311	12791
22	0.3408344984	12798
22	0.3406215906	12806
22	0.3405949771	12807
22	0.3404620588	12812
22	0.3401699960	12823
22	0.3394288421	12851
22	0.3387171924	12878
22	0.3374854922	12925
22	0.3369901180	12944
22	0.3344835639	13041
22	0.3339713514	13061
22	0.3332314789	13090
21	0.3519161046	12395
21	0.3506430984	12440
21	0.3496312797	12476
21	0.3496032655	12477
21	0.3495192230	12480
21	0.3492393792	12490
21	0.3489600122	12500
21	0.3487925828	12506
21	0.3485974669	12513
21	0.3485417366	12515
21	0.3484860659	12517
21	0.3483190835	12523
21	0.3479023874	12538
21	0.3477914333	12542
21	0.3474036455	12556
21	0.3466582000	12583
21	0.3462179601	12599
21	0.3462179601	12599
21	0.3459159434	12610
21	0.3458884954	12611
21	0.3458336592	12613
21	0.3457240164	12617
21	0.3456692398	12619
21	0.3455870748	12622
21	0.3455323279	12624
21	0.3452861607	12633
21	0.3452041745	12636
21	0.3451768756	12637
21	0.3450676501	12641
21	0.3448494077	12649
21	0.3446858823	12655
21	0.3442234993	12672
21	0.3441420197	12675
21	0.3441420197	12675
21	0.3441148698	12676
21	0.3440877199	12677
21	0.3440063000	12680
21	0.3439520597	12682
21	0.3438978195	12684
21	0.3437623084	12689
21	0.3436810672	12692
21	0.3434104919	12702
21	0.3431673348	12711
21	0.3430054188	12717
21	0.3428436816	12723
21	0.3427628577	12726
21	0.3426551521	12730
21	0.3425475061	12734
21	0.3424937129	12736
21	0.3421713114	12748
21	0.3417691886	12763
21	0.3416353464	12768
21	0.3413679898	12778
21	0.3413145542	12780
21	0.3411276937	12787
21	0.3411010206	12788
21	0.3410210311	12791
21	0.3409943581	12792
21	0.3409410715	12794
21	0.3409144282	12795
21	0.3404620588	12812
21	0.3404089212	12814
21	0.3403027058	12818
21	0.3397990167	12837
21	0.3395609558	12846
21	0.3387697935	12876
21	0.3384018540	12890
21	0.3381133378	12901
21	0.3379561603	12907
21	0.3377467990	12915
20	0.3504177332	12448
20	0.3488762677	12503
20	0.3485974669	12513
20	0.3480134010	12534
20	0.3475974202	12549
20	0.3472100496	12563
20	0.3471547961	12565
20	0.3471271694	12566
20	0.3467408717	12580
20	0.3464929760	12589
20	0.3462729156	12597
20	0.3461355269	12602
20	0.3461355269	12602
20	0.3458336592	12613
20	0.3457514346	12616
20	0.3457240164	12617
20	0.3456966281	12618
20	0.3456692398	12619
20	0.3456692398	12619
20	0.3456144631	12621
20	0.3455596864	12623
20	0.3454502225	12627
20	0.3451768756	12637
20	0.3450949490	12640
20	0.3449312150	12646
20	0.3448221385	12650
20	0.3446041942	12658
20	0.3446041942	12658
20	0.3446041942	12658
20	0.3445225358	12661
20	0.3445225358	12661
20	0.3444409370	12664
20	0.3444137275	12665
20	0.3443321884	12668
20	0.3441963196	12673
20	0.3440877199	12677
20	0.3440063000	12680
20	0.3439520597	12682
20	0.3438436091	12686
20	0.3437893987	12688
20	0.3435186744	12698
20	0.3434916139	12699
20	0.3432213366	12709
20	0.3431133628	12713
20	0.3431133628	12713
20	0.3425475061	12734
20	0.3424668312	12737
20	0.3424130678	12739
20	0.3420103490	12754
20	0.3418227434	12761
20	0.3415550888	12771
20	0.3414214253	12776
20	0.3413679898	12778
20	0.3411810696	12785
20	0.3410210311	12791
20	0.3409677148	12793
20	0.3409144282	12795
20	0.3404886425	12811
20	0.3397725523	12838
20	0.3397725523	12838
20	0.3397196233	12840
20	0.3394288421	12851
20	0.3390067518	12867
20	0.3389804065	12868
20	0.3386120200	12882
20	0.3384281099	12889
20	0.3381657600	12899
20	0.3377991319	12913
20	0.3374593854	12926
20	0.3367299736	12954
20	0.3358226120	12989
20	0.3355900943	12998
20	0.3341504633	13054
20	0.3339458108	13062
20	0.3339202404	13063
20	0.3336137533	13075
20	0.3335627317	13077
20	0.3335117400	13079
20	0.3304545581	13200
19	0.3484303951	12519
19	0.3480967283	12531
19	0.3476528227	12547
19	0.3476251066	12548
19	0.3472653329	12561
19	0.3466306329	12584
19	0.3459708095	12608
19	0.3458610773	12612
19	0.3455596864	12623
19	0.3454502225	12627
19	0.3452588320	12634
19	0.3452041745	12636
19	0.3447676301	12652
19	0.3447403908	12653
19	0.3446858823	12655
19	0.3444409370	12664
19	0.3443321884	12668
19	0.3443050086	12669
19	0.3443050086	12669
19	0.3441691697	12674
19	0.3441148698	12676
19	0.3435727656	12696
19	0.3435186744	12698
19	0.3433023691	12706
19	0.3432213366	12709
19	0.3431673348	12711
19	0.3431673348	12711
19	0.3429514766	12719
19	0.3428436816	12723
19	0.3427089751	12728
19	0.3424668312	12737
19	0.3424668312	12737
19	0.3420908153	12751
19	0.3419567347	12756
19	0.3418227434	12761
19	0.3416888714	12766
19	0.3416085839	12769
19	0.3416085839	12769
19	0.3415550888	12771
19	0.3415283561	12772
19	0.3415283561	12772
19	0.3414748609	12774
19	0.3414748609	12774
19	0.3413679898	12778
19	0.3413412571	12779
19	0.3412344456	12783
19	0.3410477042	12790
19	0.3410210311	12791
19	0.3403027058	12818
19	0.3399049342	12833
19	0.3395873904	12845
19	0.3394024372	12852
19	0.3392440379	12858
19	0.3385331929	12885
19	0.3385069072	12886
19	0.3384281099	12889
19	0.3379823267	12906
19	0.3370161355	12943
19	0.3369120359	12947
19	0.3367559612	12953
19	0.3361072540	12978
19	0.3357709050	12991
19	0.3354868591	13002
19	0.3352547884	13011
19	0.3348944485	13025
19	0.3343040943	13048
19	0.3311569989	13172
19	0.3299047053	13222
19	0.3285133243	13278
18	0.3468235731	12577
18	0.3466030955	12585
18	0.3465755582	12586
18	0.3464929760	12589
18	0.3448221385	12650
18	0.3447948694	12651
18	0.3445497751	12660
18	0.3445225358	12661
18	0.3441148698	12676
18	0.3438165188	12687
18	0.3437893987	12688
18	0.3435727656	12696
18	0.3435457051	12697
18	0.3434104919	12702
18	0.3431133628	12713
18	0.3430323899	12716
18	0.3430323899	12716
18	0.3430323899	12716
18	0.3428706229	12722
18	0.3427359164	12727
18	0.3427089751	12728
18	0.3426820636	12729
18	0.3426282406	12731
18	0.3426013291	12732
18	0.3425475061	12734
18	0.3420103490	12754
18	0.3420103490	12754
18	0.3418763280	12759
18	0.3416888714	12766
18	0.3415283561	12772
18	0.3414748609	12774
18	0.3414214253	12776
18	0.3411543965	12786
18	0.3410743475	12789
18	0.3409144282	12795
18	0.3408344984	12798
18	0.3405683935	12808
18	0.3404886425	12811
18	0.3404886425	12811
18	0.3404620588	12812
18	0.3403823674	12815
18	0.3403027058	12818
18	0.3402495980	12820
18	0.3402495980	12820
18	0.3399314284	12832
18	0.3398784399	12834
18	0.3396402597	12843
18	0.3395080864	12848
18	0.3393760324	12853
18	0.3392704427	12857
18	0.3391385376	12862
18	0.3387435079	12877
18	0.3384806514	12887
18	0.3383231163	12893
18	0.3380609155	12903
18	0.3380085230	12905
18	0.3378252685	12912
18	0.3377467990	12915
18	0.3377467990	12915
18	0.3373289108	12931
18	0.3371464014	12938
18	0.3367819786	12952
18	0.3366520107	12957
18	0.3366000354	12959
18	0.3366000354	12959
18	0.3365481198	12961
18	0.3365481198	12961
18	0.3355642855	12999
18	0.3353836834	13006
18	0.3352032602	13013
18	0.3342016637	13052
18	0.3337158561	13071
18	0.3335627317	13077
18	0.3334862292	13080
18	0.3333078623	13087
18	0.3326469958	13113
18	0.3325455487	13117
18	0.3319129646	13142
17	0.3473206460	12559
17	0.3460806012	12604
17	0.3448221385	12650
17	0.3447403908	12653
17	0.3446858823	12655
17	0.3444953263	12662
17	0.3444681466	12663
17	0.3442234993	12672
17	0.3440877199	12677
17	0.3438978195	12684
17	0.3437893987	12688
17	0.3437352180	12690
17	0.3435998559	12695
17	0.3433564305	12704
17	0.3430323899	12716
17	0.3430054188	12717
17	0.3429784477	12718
17	0.3426013291	12732
17	0.3426013291	12732
17	0.3424937129	12736
17	0.3424399495	12738
17	0.3423861861	12740
17	0.3421981633	12747
17	0.3421444893	12749
17	0.3420908153	12751
17	0.3416353464	12768
17	0.3414748609	12774
17	0.3413679898	12778
17	0.3413679898	12778
17	0.3412611485	12782
17	0.3412077725	12784
17	0.3410477042	12790
17	0.3409410715	12794
17	0.3407280147	12802
17	0.3405683935	12808
17	0.3404886425	12811
17	0.3403823674	12815
17	0.3403558135	12816
17	0.3403027058	12818
17	0.3399844170	12830
17	0.3398784399	12834
17	0.3395345211	12847
17	0.3394816816	12849
17	0.3394288421	12851
17	0.3393496275	12854
17	0.3389804065	12868
17	0.3387697935	12876
17	0.3387171924	12878
17	0.3386120200	12882
17	0.3386120200	12882
17	0.3385331929	12885
17	0.3384806514	12887
17	0.3381919563	12898
17	0.3380871117	12902
17	0.3379561603	12907
17	0.3378514349	12911
17	0.3377206624	12916
17	0.3374593854	12926
17	0.3371985257	12936
17	0.3368600011	12949
17	0.3367039859	12955
17	0.3367039859	12955
17	0.3366779983	12956
17	0.3366520107	12957
17	0.3366260231	12958
17	0.3363405168	12969
17	0.3361331522	12977
17	0.3357450664	12992
17	0.3356933892	12994
17	0.3349715769	13022
17	0.3348173201	13028
17	0.3338946700	13064
17	0.3337924778	13068
17	0.3335372508	13078
17	0.3332314789	13090
17	0.3328754604	13104
17	0.3327485025	13109
17	0.3319634795	13140
17	0.3319129646	13142
17	0.3313079178	13166
17	0.3312827647	13167
16	0.3443865478	12666
16	0.3436539769	12693
16	0.3431403339	12712
16	0.3422787189	12744
16	0.3422250152	12746
16	0.3416085839	12769
16	0.3416085839	12769
16	0.3415550888	12771
16	0.3408078849	12799
16	0.3408078849	12799
16	0.3406747878	12804
16	0.3406215906	12806
16	0.3404355049	12813
16	0.3404089212	12814
16	0.3401965499	12822
16	0.3398784399	12834
16	0.3397196233	12840
16	0.3395609558	12846
16	0.3394552469	12850
16	0.3390858173	12864
16	0.3390067518	12867
16	0.3387961090	12875
16	0.3387961090	12875
16	0.3387171924	12878
16	0.3386909068	12879
16	0.3385331929	12885
16	0.3381133378	12901
16	0.3380871117	12902
16	0.3380347192	12904
16	0.3378776014	12910
16	0.3378252685	12912
16	0.3377206624	12916
16	0.3376683593	12918
16	0.3374593854	12926
16	0.3370421827	12942
16	0.3369901180	12944
16	0.3366000354	12959
16	0.3364702165	12964
16	0.3363405168	12969
16	0.3362886310	12971
16	0.3362627327	12972
16	0.3362627327	12972
16	0.3361849785	12975
16	0.3359001875	12986
16	0.3358484805	12988
16	0.3357709050	12991
16	0.3354868591	13002
16	0.3353320956	13008
16	0.3352032602	13013
16	0.3349715769	13022
16	0.3349715769	13022
16	0.3349201381	13024
16	0.3347659111	13030
16	0.3347145617	13032
16	0.3345861733	13037
16	0.3345348537	13039
16	0.3344579041	13042
16	0.3344322741	13043
16	0.3340225220	13059
16	0.3340225220	13059
16	0.3336392939	13074
16	0.3333333433	13086
16	0.3332060277	13091
16	0.3331805766	13092
16	0.3327738643	13108
16	0.3325962722	13115
16	0.3313582540	13164
16	0.3307803273	13187
16	0.3306549489	13192
16	0.3298548162	13224
16	0.3289592862	13260
16	0.3274774849	13320
16	0.3257654905	13390
16	0.3249162138	13425
15	0.3450403512	12642
15	0.3446586728	12656
15	0.3435457051	12697
15	0.3429514766	12719
15	0.3428167105	12724
15	0.3427359164	12727
15	0.3422250152	12746
15	0.3420371711	12753
15	0.3420371711	12753
15	0.3407812417	12800
15	0.3407014012	12803
15	0.3406747878	12804
15	0.3406481743	12805
15	0.3403027058	12818
15	0.3401699960	12823
15	0.3398254812	12836
15	0.3397990167	12837
15	0.3397725523	12838
15	0.3394816816	12849
15	0.3394288421	12851
15	0.3393760324	12853
15	0.3392440379	12858
15	0.3391912878	12860
15	0.3389540613	12869
15	0.3389277458	12870
15	0.3387435079	12877
15	0.3385331929	12885
15	0.3385069072	12886
15	0.3384806514	12887
15	0.3384281099	12889
15	0.3384018540	12890
15	0.3382706344	12895
15	0.3377729654	12914
15	0.3376422226	12919
15	0.3373549879	12930
15	0.3373028040	12932
15	0.3371464014	12938
15	0.3369380534	12946
15	0.3369120359	12947
15	0.3368600011	12949
15	0.3368079662	12951
15	0.3365740776	12960
15	0.3364183307	12966
15	0.3363923728	12967
15	0.3361849785	12975
15	0.3358226120	12989
15	0.3356417418	12996
15	0.3356159031	12997
15	0.3352032602	13013
15	0.3350230455	13020
15	0.3347916305	13029
15	0.3346888721	13033
15	0.3346375227	13035
15	0.3345091939	13040
15	0.3342528641	13050
15	0.3339969516	13060
15	0.3339458108	13062
15	0.3336137533	13075
15	0.3335372508	13078
15	0.3335372508	13078
15	0.3334862292	13080
15	0.3312324286	13169
15	0.3311318755	13173
15	0.3311318755	13173
15	0.3308555782	13184
15	0.3301544189	13212
15	0.3301044405	13214
15	0.3297550678	13228
15	0.3260333240	13379
14	0.3421981633	12747
14	0.3411276937	12787
14	0.3410477042	12790
14	0.3410210311	12791
14	0.3409144282	12795
14	0.3407546282	12801
14	0.3405949771	12807
14	0.3405152261	12810
14	0.3404355049	12813
14	0.3403292596	12817
14	0.3400374055	12828
14	0.3399314284	12832
14	0.3394816816	12849
14	0.3391649127	12861
14	0.3391649127	12861
14	0.3384806514	12887
14	0.3378776014	12910
14	0.3374593854	12926
14	0.3374071717	12928
14	0.3374071717	12928
14	0.3373549879	12930
14	0.3370682299	12941
14	0.3370421827	12942
14	0.3369120359	12947
14	0.3366779983	12956
14	0.3365221322	12962
14	0.3365221322	12962
14	0.3364442587	12965
14	0.3363923728	12967
14	0.3361331522	12977
14	0.3360554576	12980
14	0.3357967734	12990
14	0.3357967734	12990
14	0.3357450664	12992
14	0.3357192278	12993
14	0.3356675506	12995
14	0.3356417418	12996
14	0.3353836834	13006
14	0.3353320956	13008
14	0.3351517618	13015
14	0.3351002634	13017
14	0.3350745142	13018
14	0.3350745142	13018
14	0.3347659111	13030
14	0.3345091939	13040
14	0.3341504633	13054
14	0.3340225220	13059
14	0.3338180184	13067
14	0.3336648047	13073
14	0.3335372508	13078
14	0.3334607482	13081
14	0.3334607482	13081
14	0.3333842754	13084
14	0.3333333433	13086
14	0.3331042528	13095
14	0.3331042528	13095
14	0.3330279291	13098
14	0.3330279291	13098
14	0.3329262733	13102
14	0.3317110240	13150
14	0.3315345347	13157
14	0.3314337730	13161
14	0.3305046260	13198
14	0.3301044405	13214
14	0.3286618590	13272
14	0.3283649385	13284
14	0.3280685842	13296
14	0.3274037242	13323
14	0.3244087398	13446
13	0.3434104919	12702
13	0.3417423964	12764
13	0.3414481282	12775
13	0.3413145542	12780
13	0.3404355049	12813
13	0.3399049342	12833
13	0.3392704427	12857
13	0.3388750851	12872
13	0.3387961090	12875
13	0.3386909068	12879
13	0.3386645913	12880
13	0.3384018540	12890
13	0.3382444084	12896
13	0.3378776014	12910
13	0.3377991319	12913
13	0.3377991319	12913
13	0.3377729654	12914
13	0.3373810947	12929
13	0.3366779983	12956
13	0.3365481198	12961
13	0.3364961743	12963
13	0.3364442587	12965
13	0.3363405168	12969
13	0.3360036910	12982
13	0.3359778225	12983
13	0.3359778225	12983
13	0.3359001875	12986
13	0.3358743489	12987
13	0.3358484805	12988
13	0.3358226120	12989
13	0.3357192278	12993
13	0.3356933892	12994
13	0.3356933892	12994
13	0.3353578746	13007
13	0.3350745142	13018
13	0.3349458575	13023
13	0.3346118331	13036
13	0.3345605135	13038
13	0.3343040943	13048
13	0.3342784941	13049
13	0.3336648047	13073
13	0.3336392939	13074
13	0.3335882425	13076
13	0.3335117400	13079
13	0.3334862292	13080
13	0.3331805766	13092
13	0.3330025077	13099
13	0.3329516947	13101
13	0.3326723576	13112
13	0.3326469958	13113
13	0.3325709105	13116
13	0.3324948549	13119
13	0.3324695230	13120
13	0.3322668970	13128
13	0.3322668970	13128
13	0.3321151137	13134
13	0.3319382071	13141
13	0.3315093517	13158
13	0.3312072754	13170
13	0.3311569989	13172
13	0.3308053911	13186
13	0.3303044140	13206
13	0.3294810653	13239
13	0.3293815553	13243
13	0.3291578591	13252
13	0.3288352787	13265
13	0.3287609220	13268
13	0.3283649385	13284
13	0.3283649385	13284
13	0.3282661140	13288
13	0.3281179368	13294
13	0.3280932605	13295
13	0.3274528980	13321
13	0.3271581829	13333
13	0.3264481425	13362
13	0.3263748586	13365
13	0.3254495263	13403
13	0.3233506382	13490
13	0.3232787251	13493
13	0.3230632544	13502
13	0.3205702901	13607
12	0.3391649127	12861
12	0.3388487399	12873
12	0.3387961090	12875
12	0.3385331929	12885
12	0.3385069072	12886
12	0.3373549879	12930
12	0.3367559612	12953
12	0.3367039859	12955
12	0.3366779983	12956
12	0.3360036910	12982
12	0.3359260559	12985
12	0.3356933892	12994
12	0.3355642855	12999
12	0.3355126381	13001
12	0.3354868591	13002
12	0.3353578746	13007
12	0.3351260126	13016
12	0.3349458575	13023
12	0.3347145617	13032
12	0.3346631825	13034
12	0.3345605135	13038
12	0.3342272639	13051
12	0.3341504633	13054
12	0.3338435590	13066
12	0.3335627317	13077
12	0.3332823813	13088
12	0.3331042528	13095
12	0.3329770863	13100
12	0.3328500688	13105
12	0.3327231109	13110
12	0.3325709105	13116
12	0.3322162926	13130
12	0.3322162926	13130
12	0.3321404159	13133
12	0.3318372071	13145
12	0.3315597475	13156
12	0.3314337730	13161
12	0.3307552338	13188
12	0.3305797577	13195
12	0.3305046260	13198
12	0.3303544521	13204
12	0.3298797607	13223
12	0.3296553791	13232
12	0.3294064403	13242
12	0.3288600743	13264
12	0.3284143806	13282
12	0.3283649385	13284
12	0.3281673193	13292
12	0.3279945850	13299
12	0.3275266588	13318
12	0.3262771964	13369
12	0.3261308372	13375
12	0.3245294392	13441
12	0.3182315528	13707
12	0.3160869479	13800
11	0.3375638425	12922
11	0.3371724486	12937
11	0.3364442587	12965
11	0.3358226120	12989
11	0.3350487649	13019
11	0.3348430097	13027
11	0.3348173201	13028
11	0.3337413967	13070
11	0.3334862292	13080
11	0.3330533803	13097
11	0.3330279291	13098
11	0.3328500688	13105
11	0.3321404159	13133
11	0.3320645690	13136
11	0.3320392668	13137
11	0.3318372071	13145
11	0.3317867219	13147
11	0.3316858113	13151
11	0.3315345347	13157
11	0.3313330710	13165
11	0.3312072754	13170
11	0.3311569989	13172
11	0.3311067224	13174
11	0.3311067224	13174
11	0.3310564756	13176
11	0.3309057951	13182
11	0.3307301402	13189
11	0.3300794661	13215
11	0.3298298717	13225
11	0.3295059800	13238
11	0.3294313252	13241
11	0.3292821050	13247
11	0.3291082084	13254
11	0.3287857175	13267
11	0.3285628259	13276
11	0.3285380602	13277
11	0.3283155262	13286
11	0.3282908201	13287
11	0.3282167017	13290
11	0.3281919956	13291
11	0.3279945850	13299
11	0.3279452622	13301
11	0.3276250660	13314
11	0.3274774849	13320
11	0.3274774849	13320
11	0.3273300231	13326
11	0.3271336555	13334
11	0.3265458941	13358
11	0.3263260126	13367
11	0.3246743679	13435
11	0.3244811296	13443
11	0.3238788247	13468
11	0.3238788247	13468
11	0.3235185146	13483
11	0.3231589794	13498
11	0.3225615621	13523
11	0.3214680552	13569
11	0.3207117021	13601
10	0.3345861733	13037
10	0.3344322741	13043
10	0.3343553543	13046
10	0.3338435590	13066
10	0.3334097564	13083
10	0.3332060277	13091
10	0.3331296742	13094
10	0.3326469958	13113
10	0.3324695230	13120
10	0.3323681951	13124
10	0.3320392668	13137
10	0.3318119645	13146
10	0.3317614794	13148
10	0.3313834369	13163
10	0.3313834369	13163
10	0.3313582540	13164
10	0.3312575817	13168
10	0.3309811056	13179
10	0.3307050765	13190
10	0.3303544521	13204
10	0.3303044140	13206
10	0.3300045431	13218
10	0.3300045431	13218
10	0.3296802938	13231
10	0.3296802938	13231
10	0.3295806646	13235
10	0.3293567002	13244
10	0.3293318152	13245
10	0.3292323947	13249
10	0.3289096653	13262
10	0.3286370933	13273
10	0.3284638524	13280
10	0.3283402324	13285
10	0.3281426430	13293
10	0.3278713226	13304
10	0.3275758624	13316
10	0.3274037242	13323
10	0.3271581829	13333
10	0.3270355463	13338
10	0.3268885016	13344
10	0.3268150091	13347
10	0.3265458941	13358
10	0.3265458941	13358
10	0.3259845972	13381
10	0.3259359002	13383
10	0.3258141577	13388
10	0.3244328797	13445
10	0.3241194785	13458
10	0.3233026862	13492
10	0.3232547939	13494
10	0.3228958547	13509
10	0.3226808608	13518
10	0.3215628564	13565
10	0.3211840093	13581
10	0.3189529181	13676
10	0.3184174001	13699
10	0.3169827759	13761
10	0.3167525828	13771
9	0.3319129646	13142
9	0.3316605985	13152
9	0.3312575817	13168
9	0.3308053911	13186
9	0.3306549489	13192
9	0.3306298852	13193
9	0.3305296600	13197
9	0.3298797607	13223
9	0.3297550678	13228
9	0.3293815553	13243
9	0.3291082084	13254
9	0.3286123276	13274
9	0.3285380602	13277
9	0.3283155262	13286
9	0.3282908201	13287
9	0.3281673193	13292
9	0.3280439079	13297
9	0.3280192614	13298
9	0.3278713226	13304
9	0.3276250660	13314
9	0.3272072673	13331
9	0.3270355463	13338
9	0.3266926408	13352
9	0.3263992965	13364
9	0.3261552155	13374
9	0.3259845972	13381
9	0.3259602487	13382
9	0.3258628547	13386
9	0.3256682158	13394
9	0.3255709708	13398
9	0.3253281713	13408
9	0.3253039122	13409
9	0.3250614703	13419
9	0.3250372708	13420
9	0.3248194158	13429
9	0.3246743679	13435
9	0.3244811296	13443
9	0.3244811296	13443
9	0.3244328797	13445
9	0.3243604898	13448
9	0.3237826526	13472
9	0.3235185146	13483
9	0.3235185146	13483
9	0.3230393231	13503
9	0.3229675591	13506
9	0.3227525055	13515
9	0.3227047324	13517
9	0.3223470151	13532
9	0.3222279549	13537
9	0.3220852017	13543
9	0.3220614195	13544
9	0.3220376670	13545
9	0.3219188154	13550
9	0.3215628564	13565
9	0.3214917481	13568
9	0.3214206696	13571
9	0.3212076724	13580
9	0.3211840093	13581
9	0.3210894465	13585
9	0.3210421801	13587
9	0.3208296597	13596
9	0.3205467463	13608
9	0.3204525411	13612
9	0.3200528324	13629
9	0.3200058639	13631
9	0.3181155324	13712
9	0.3179763854	13718
9	0.3176059425	13734
9	0.3174441457	13741
9	0.3149231076	13851
9	0.3145824373	13866
9	0.3143783808	13875
9	0.3103301227	14056
8	0.3319634795	13140
8	0.3314589560	13160
8	0.3312575817	13168
8	0.3309057951	13182
8	0.3301544189	13212
8	0.3299047053	13222
8	0.3297799826	13227
8	0.3296304643	13233
8	0.3294810653	13239
8	0.3288352787	13265
8	0.3286123276	13274
8	0.3279206157	13302
8	0.3277727664	13308
8	0.3276742697	13312
8	0.3274283111	13322
8	0.3270845711	13336
8	0.3268150091	13347
8	0.3263504505	13366
8	0.3261308372	13375
8	0.3260089755	13380
8	0.3254495263	13403
8	0.3254495263	13403
8	0.3254009783	13405
8	0.3251584172	13415
8	0.3251341581	13416
8	0.3249646127	13423
8	0.3247468770	13432
8	0.3246743679	13435
8	0.3245777190	13439
8	0.3244570196	13444
8	0.3238788247	13468
8	0.3237826526	13472
8	0.3237346113	13474
8	0.3236385286	13478
8	0.3233745992	13489
8	0.3233506382	13490
8	0.3233026862	13492
8	0.3232308328	13495
8	0.3228241503	13512
8	0.3224661648	13527
8	0.3224185109	13529
8	0.3219901025	13547
8	0.3219425678	13549
8	0.3215628564	13565
8	0.3214917481	13568
8	0.3214443624	13570
8	0.3204289973	13613
8	0.3203819394	13615
8	0.3203819394	13615
8	0.3198181689	13639
8	0.3196306825	13647
8	0.3191629350	13667
8	0.3186267316	13690
8	0.3185801804	13692
8	0.3176984787	13730
8	0.3176059425	13734
8	0.3173979521	13743
8	0.3173286915	13746
8	0.3165457249	13780
8	0.3162932396	13791
8	0.3158580661	13810
8	0.3152417541	13837
8	0.3152417541	13837
8	0.3128451407	13943
8	0.3095153570	14093
8	0.3094494939	14096
7	0.3286370933	13273
7	0.3263260126	13367
7	0.3253039122	13409
7	0.3247952461	13430
7	0.3240713179	13460
7	0.3237346113	13474
7	0.3226808608	13518
7	0.3226808608	13518
7	0.3225377202	13524
7	0.3225138485	13525
7	0.3222517669	13536
7	0.3222041726	13538
7	0.3219188154	13550
7	0.3218475580	13553
7	0.3209240735	13592
7	0.3207353055	13600
7	0.3206881285	13602
7	0.3201232851	13626
7	0.3200763166	13628
7	0.3195604384	13650
7	0.3195370436	13651
7	0.3193498850	13659
7	0.3189995587	13674
7	0.3186267316	13690
7	0.3185569346	13693
7	0.3181387186	13711
7	0.3179300427	13720
7	0.3176059425	13734
7	0.3175596893	13736
7	0.3171902299	13752
7	0.3170058131	13760
7	0.3170058131	13760
7	0.3168676496	13766
7	0.3166606128	13775
7	0.3166146576	13777
7	0.3160182536	13803
7	0.3151506484	13841
7	0.3144917190	13870
7	0.3144690394	13871
7	0.3141293526	13886
7	0.3138806820	13897
7	0.3136324286	13908
7	0.3133620620	13920
7	0.3132045567	13927
7	0.3130921721	13932
7	0.3130697012	13933
7	0.3119279146	13984
7	0.3115046918	14003
7	0.3114824295	14004
7	0.3107280135	14038
7	0.3105289340	14047
7	0.3089016378	14121
6	0.3253039122	13409
6	0.3236625493	13477
6	0.3222993910	13534
6	0.3217288554	13558
6	0.3216339648	13562
6	0.3209949136	13589
6	0.3193498850	13659
6	0.3192096651	13665
6	0.3179995716	13717
6	0.3179995716	13717
6	0.3179763854	13718
6	0.3176059425	13734
6	0.3175134659	13738
6	0.3175134659	13738
6	0.3174903691	13739
6	0.3174441457	13741
6	0.3173286915	13746
6	0.3172132969	13751
6	0.3171671629	13753
6	0.3165916800	13778
6	0.3165687025	13779
6	0.3164997697	13782
6	0.3163391054	13789
6	0.3161098659	13799
6	0.3160869479	13800
6	0.3152189553	13838
6	0.3151278794	13842
6	0.3149913251	13848
6	0.3149231076	13851
6	0.3147186041	13860
6	0.3147186041	13860
6	0.3144237101	13873
6	0.3143557310	13876
6	0.3143104315	13878
6	0.3142877817	13879
6	0.3138129413	13900
6	0.3136324286	13908
6	0.3134521544	13916
6	0.3128675818	13942
6	0.3127105832	13949
6	0.3125761449	13955
6	0.3122852147	13968
6	0.3119725287	13982
6	0.3118387163	13988
6	0.3108165860	14034
6	0.3108165860	14034
6	0.3106837571	14040
6	0.3105510473	14046
6	0.3104405403	14051
6	0.3098671734	14077
6	0.3097351491	14083
6	0.3096911609	14085
6	0.3096691668	14086
6	0.3094055951	14098
6	0.3090986311	14112
6	0.3085302114	14138
6	0.3075295985	14184
6	0.3066001236	14227
6	0.3062772155	14242
6	0.2967548668	14699
5	0.3191162348	13669
5	0.3188363314	13681
5	0.3185336590	13694
5	0.3181619346	13710
5	0.3154013157	13830
5	0.3150140941	13847
5	0.3142651320	13880
5	0.3139484525	13894
5	0.3137001097	13905
5	0.3136324286	13908
5	0.3134521544	13916
5	0.3125985265	13954
5	0.3120618165	13978
5	0.3118610084	13987
5	0.3117718399	13991
5	0.3116604686	13996
5	0.3114601970	14005
5	0.3112157583	14016
5	0.3110825717	14022
5	0.3110382259	14024
5	0.3109051883	14030
5	0.3108165860	14034
5	0.3103080392	14057
5	0.3102639019	14059
5	0.3101094961	14066
5	0.3100433648	14069
5	0.3099111915	14075
5	0.3098011315	14080
5	0.3090548515	14114
5	0.3084211349	14143
5	0.3081378937	14156
5	0.3080725968	14159
5	0.3075512946	14183
5	0.3074862659	14186
5	0.3072479963	14197
5	0.3060837984	14251
5	0.3055263758	14277
5	0.3054407835	14281
5	0.3053338826	14286
5	0.3047153354	14315
5	0.3039933145	14349
5	0.3038874269	14354
5	0.3034645915	14374
5	0.3026854396	14411
5	0.3012430966	14480
5	0.3010351956	14490
4	0.3149231076	13851
4	0.3142651320	13880
4	0.3141745925	13884
4	0.3137903810	13901
4	0.3114824295	14004
4	0.3109495342	14028
4	0.3102639019	14059
4	0.3102418184	14060
4	0.3101535738	14064
4	0.3099552393	14073
4	0.3098231554	14079
4	0.3094494939	14096
4	0.3091424406	14110
4	0.3086611927	14132
4	0.3086393476	14133
4	0.3078334630	14170
4	0.3072479963	14197
4	0.3071398437	14202
4	0.3071398437	14202
4	0.3067941964	14218
4	0.3064278066	14235
4	0.3063202202	14240
4	0.3062987030	14241
4	0.3062772155	14242
4	0.3061912060	14246
4	0.3059979081	14255
4	0.3055691719	14275
4	0.3054194152	14282
4	0.3052270710	14291
4	0.3048005104	14311
4	0.3046302199	14319
4	0.3044176102	14329
4	0.3042477369	14337
4	0.3038027585	14358
4	0.3037815988	14359
4	0.3027904928	14406
4	0.3026854396	14411
4	0.3026644588	14412
4	0.3024755418	14421
4	0.3023287952	14428
4	0.3022868931	14430
4	0.3022450209	14432
4	0.3018684983	14450
4	0.3016806245	14459
4	0.3014721274	14469
4	0.3013263345	14476
4	0.3009936512	14492
4	0.3009105921	14496
4	0.2999793589	14541
4	0.2994644940	14566
4	0.2990333736	14587
4	0.2976864874	14653
4	0.2975849509	14658
4	0.2966741621	14703
4	0.2961102426	14731
3	0.3081814349	14154
3	0.3040145040	14348
3	0.3039509356	14351
3	0.3032957911	14382
3	0.3024545908	14422
3	0.3020566404	14441
3	0.3018684983	14450
3	0.3010144234	14491
3	0.3008275926	14500
3	0.3005581200	14513
3	0.3005166948	14515
3	0.3002891243	14526
3	0.3000619113	14537
3	0.2998144329	14549
3	0.2990948856	14584
3	0.2989104390	14593
3	0.2987671196	14600
3	0.2983584106	14620
3	0.2977474332	14650
3	0.2973617911	14669
3	0.2973009944	14672
3	0.2970782518	14683
3	0.2969568968	14689
3	0.2968356609	14695
3	0.2967952788	14697
3	0.2966136336	14706
3	0.2960097790	14736
3	0.2959495187	14739
3	0.2958290875	14745
3	0.2957689166	14748
3	0.2957288027	14750
3	0.2954884171	14762
3	0.2952883840	14772
3	0.2947098315	14801
3	0.2944114506	14816
3	0.2942922711	14822
3	0.2941533625	14829
3	0.2938759029	14843
3	0.2938165069	14846
3	0.2937769294	14848
3	0.2934014797	14867
3	0.2924572527	14915
3	0.2916750312	14955
3	0.2903741300	15022
3	0.2899301946	15045
3	0.2895837426	15063
3	0.2894108295	15072
3	0.2864083946	15230
2	0.2945505977	14809
2	0.2921830118	14929
2	0.2915385664	14962
2	0.2913243771	14973
2	0.2908193767	14999
2	0.2904901505	15016
2	0.2902002633	15031
2	0.2893916368	15073
2	0.2889698446	15095
2	0.2886256874	15113
2	0.2884348333	15123
2	0.2883776426	15126
2	0.2883585691	15127
2	0.2883204520	15129
2	0.2874653935	15174
2	0.2873328626	15181
2	0.2866342366	15218
2	0.2865965962	15220
2	0.2863332033	15234
2	0.2860890627	15247
2	0.2860515416	15249
2	0.2858453393	15260
2	0.2856955826	15268
2	0.2856768668	15269
2	0.2852658331	15291
2	0.2844473422	15335
2	0.2839289308	15363
2	0.2836335301	15379
2	0.2835229039	15385
2	0.2833939791	15392
2	0.2828610241	15421
2	0.2826777399	15431
2	0.2826777399	15431
2	0.2819651067	15470
2	0.2818375528	15477
2	0.2814919949	15496
2	0.2814375162	15499
2	0.2786686122	15653
2	0.2786686122	15653
1	0.2762857974	15788
1	0.2756920755	15822
1	0.2756920755	15822
1	0.2756920755	15822
1	0.2752571404	15847
1	0.2752050459	15850
1	0.2752050459	15850
1	0.2752050459	15850
1	0.2750141919	15861
1	0.2750141919	15861
1	0.2749621868	15864
1	0.2747370303	15877
1	0.2738745511	15927
1	0.2736855447	15938
1	0.2736683488	15939
1	0.2733939290	15955
1	0.2733939290	15955
1	0.2732911408	15961
1	0.2732568979	15963
1	0.2726249993	16000
1	0.2723696530	16015
1	0.2723696530	16015
1	0.2721827030	16026
1	0.2721827030	16026
1	0.2721317708	16029
1	0.2718095779	16048
1	0.2718095779	16048
1	0.2718095779	16048
1	0.2718095779	16048
1	0.2699257433	16160
1	0.2696587443	16176
1	0.2694422007	16189
1	0.2694422007	16189
1	0.2690931559	16210
1	0.2676073611	16300
1	0.2675909400	16301
1	0.2675088942	16306
1	0.2670503259	16334
1	0.2669849396	16338
1	0.2662353516	16384
1	0.2661216557	16391
1	0.2659269571	16403
1	0.2656678259	16419
1	0.2653768957	16437
1	0.2647005320	16479
1	0.2642355263	16508
1	0.2607292235	16730
