385 492 819 % centrality values 0.2896600662558109 0.28798895048895046 0.28743618858782005
722 530 366 316 % centrality values 0.27083360416693747 0.2705408110813516 0.26966621794208 0.26937594214235766
592 565 625 % centrality values 0.2494726229809762 0.24799295143304634 0.24740598586752433
458 305 913 % centrality values 0.24720207143009995 0.24516389180700135 0.24401423698023933
953 294 23 100 405 % centrality values 0.24589928092343552 0.24354617775670406 0.2432552026339362 0.24267533325936186 0.24123768318081115
426 819 429 % centrality values 0.24391342562074267 0.2427293798653022 0.24010685355223169
323 101 541 % centrality values 0.2443805722494247 0.23984380420023985 0.238956589141546
465 647 366 722 194 135 336 % centrality values 0.23484049159724835 0.23312214653678068 0.23283819751542043 0.23255493936759145 0.2322723695749212 0.2305912667794453 0.23031344597609657
424 842 23 % centrality values 0.23202169423831895 0.23114833779827504 0.22942120202394176
385 562 659 323 % centrality values 0.23976508153723344 0.23676801801801803 0.23676801801801803 0.2304311610880954
